53 53 53 53 53 53 53 53 53 53 53 53 53 53 53 53 53 53 53 53 53 53 53 53 53 53 53 53 53 53 53 53 53 53 53 53 53 53 53 53 53 53 53 53 53 53 53 53 53 53 53 53 53 53 53 53 53 53 53 53 53 53 53 53 53 53 53 53 53 53 53 53 53 53 53 53 53 53 53 53 53 53 53 53 53 53 53 53 54 54 54 54 54 54 54 54 54 54 54 55
53 53 53 53 53 53 53 53 53 53 53 53 53 53 53 53 53 53 53 53 53 53 53 53 53 53 53 53 53 53 53 53 53 53 53 53 53 53 53 53 53 53 53 53 53 53 53 53 53 53 53 53 53 53 53 53 53 53 53 53 53 53 53 53 53 53 53 53 53 53 53 53 53 53 53 53 53 53 53 53 53 53 53 53 53 53 54 54 54 54 54 54 54 54 54 54 54 54 54 55
53 53 53 53 53 53 53 53 53 53 53 53 53 53 53 53 53 53 53 53 53 53 53 53 53 53 53 53 53 53 53 53 53 53 53 53 53 53 53 53 53 53 53 53 53 53 53 53 53 53 53 53 53 53 53 53 53 53 53 53 53 53 53 53 53 53 53 53 53 53 53 53 53 53 53 53 53 53 53 53 53 53 53 53 53 54 54 54 54 54 54 54 54 54 54 54 55 54 54 55
53 53 53 53 53 53 53 53 53 53 53 53 53 53 53 53 53 53 53 53 53 53 53 53 53 53 53 53 53 53 53 53 53 53 53 53 53 53 53 53 53 53 53 53 53 53 53 53 53 53 53 53 53 53 53 53 53 53 53 53 53 53 53 53 53 53 53 53 53 53 53 53 53 53 53 53 53 53 54 54 54 54 54 54 54 54 54 54 54 54 54 54 55 55 55 55 55 55 55 55
53 53 53 53 53 53 53 53 53 53 53 53 53 53 53 53 53 53 53 53 53 53 53 53 53 53 53 53 53 53 53 53 53 53 53 53 53 53 53 53 53 53 53 53 53 53 53 53 53 53 53 53 53 53 53 53 53 53 53 53 53 53 53 53 53 53 53 53 53 53 53 53 53 53 54 54 54 54 54 54 54 54 54 54 54 54 54 54 54 55 55 55 55 55 55 55 55 55 55 55
53 53 53 53 53 53 53 53 53 53 53 53 53 53 53 53 53 53 53 53 53 53 53 53 53 53 53 53 53 53 53 53 53 53 53 53 53 53 53 53 53 53 53 53 53 53 53 53 53 53 53 53 53 53 53 53 53 53 53 53 53 53 53 53 53 53 53 53 53 54 54 54 54 54 54 54 54 54 54 54 54 54 54 54 54 54 54 55 55 55 55 55 55 55 55 55 55 55 55 55
53 53 53 53 53 53 53 53 53 53 53 53 53 53 53 53 53 53 53 53 53 53 53 53 53 53 53 53 53 53 53 53 53 53 53 53 53 53 53 53 53 53 53 53 53 53 53 53 53 53 53 53 53 53 53 53 53 53 53 53 53 53 53 53 53 53 54 54 54 54 54 54 54 54 54 54 54 54 54 54 54 54 54 54 54 54 54 54 54 54 54 55 55 55 55 55 55 55 55 55
53 53 53 53 53 53 53 53 53 53 53 53 53 53 53 53 53 53 53 53 53 53 53 53 53 53 53 53 53 53 53 53 53 53 53 53 53 53 53 53 53 53 53 53 53 53 53 53 53 53 53 53 53 53 53 53 53 53 53 53 53 53 53 53 54 54 54 54 54 54 54 54 54 54 54 54 54 54 54 54 54 54 54 54 54 54 54 54 54 54 54 55 55 55 55 55 55 55 55 56
53 53 53 53 53 53 53 53 53 53 53 53 53 53 53 53 53 53 53 53 53 53 53 53 53 53 53 53 53 53 53 53 53 53 53 53 53 53 53 53 53 53 53 53 53 53 53 53 53 53 53 53 53 53 53 53 53 53 53 53 53 53 53 54 54 54 54 54 54 54 54 54 54 54 54 54 54 54 54 54 54 54 54 54 54 54 54 54 55 55 55 55 55 55 55 55 55 55 55 56
53 53 53 53 53 53 53 53 53 53 53 53 53 53 53 53 53 53 53 53 53 53 53 53 53 53 53 53 53 53 53 53 53 53 53 53 53 53 53 53 53 53 53 53 53 53 53 53 53 53 53 53 53 53 53 53 53 53 53 53 53 54 54 54 54 54 54 54 54 54 54 54 54 54 54 54 54 54 54 54 54 54 54 54 54 54 54 55 55 55 55 55 55 55 55 55 55 55 55 56
53 53 53 53 53 53 53 53 53 53 53 53 53 53 53 53 53 53 53 53 53 53 53 53 53 53 53 53 53 53 53 53 53 53 53 53 53 53 53 53 53 53 53 53 53 53 53 53 53 53 53 53 53 53 53 53 53 53 54 54 54 54 54 54 54 54 54 54 54 54 54 54 54 54 54 54 54 54 54 54 54 54 54 54 54 54 54 55 55 55 55 55 55 55 55 55 55 55 55 56
53 53 53 53 53 53 53 53 53 53 53 53 53 53 53 53 53 53 53 53 53 53 53 53 53 53 53 53 53 53 53 53 53 53 53 53 53 53 53 53 53 53 53 53 53 53 54 54 53 53 53 53 53 53 53 53 54 54 54 54 54 54 54 54 54 54 54 54 54 54 54 54 54 54 54 54 54 54 54 54 54 54 54 54 54 54 54 55 55 55 55 55 55 55 55 55 55 55 55 56
53 53 53 53 53 53 53 53 53 53 53 53 53 53 53 53 53 53 53 53 53 53 53 53 53 53 53 53 53 53 53 53 53 53 53 53 53 53 53 53 53 54 54 54 54 54 54 54 54 54 54 54 54 54 54 54 54 54 54 54 54 54 54 54 54 54 54 54 54 54 54 54 54 54 54 54 54 54 54 54 54 55 55 55 54 54 55 55 55 55 55 55 55 55 55 55 55 55 55 56
53 53 53 53 53 53 53 53 53 53 53 53 53 53 53 53 53 53 53 53 53 53 53 53 53 53 53 53 53 53 53 53 53 53 53 54 54 54 54 54 54 54 54 54 54 54 54 54 54 54 54 54 54 54 54 54 54 54 54 54 54 54 54 54 54 54 54 54 54 54 54 54 54 54 54 55 55 55 55 55 55 55 55 55 55 55 55 55 55 55 55 55 55 55 55 55 55 55 55 56
53 53 53 53 53 53 53 53 53 53 53 53 53 53 53 53 53 53 53 53 53 53 53 53 53 53 53 53 53 53 53 53 53 53 54 54 54 54 54 54 54 54 54 54 54 54 54 54 54 54 54 54 54 54 54 54 54 54 54 54 54 54 54 54 54 54 54 54 54 55 55 55 54 54 55 55 55 55 55 55 55 55 55 55 55 55 55 55 55 55 55 55 55 55 55 55 55 55 55 56
53 53 53 53 53 53 53 53 53 53 53 53 53 53 53 53 53 53 53 53 53 53 53 53 53 53 53 53 53 53 54 54 54 54 54 54 54 54 54 54 54 54 55 55 55 54 54 54 54 54 54 54 54 54 54 54 54 54 54 54 54 54 54 54 55 54 54 55 55 55 55 55 55 55 55 55 55 55 55 55 55 55 55 55 55 55 55 55 55 55 55 55 55 55 55 55 55 55 55 56
53 53 53 53 53 53 53 53 53 53 53 53 53 53 53 53 53 53 53 53 53 53 54 54 54 54 54 54 54 54 54 54 54 54 54 54 54 54 54 54 55 54 54 55 55 54 54 54 54 54 54 54 54 54 54 54 54 54 54 54 54 54 54 54 55 55 55 55 55 55 55 55 55 55 55 55 55 55 55 55 55 55 55 55 55 55 55 55 55 55 55 55 55 55 55 55 55 55 55 56
53 53 53 53 53 53 53 53 53 53 53 53 53 53 53 53 53 54 54 54 53 53 54 54 54 54 54 54 54 54 54 54 54 54 54 54 54 54 54 54 54 55 55 54 54 54 54 54 54 54 54 54 54 54 54 54 54 54 55 54 54 54 54 54 54 55 55 55 55 55 55 55 55 55 55 55 55 55 55 55 55 55 55 55 55 55 55 55 55 55 55 55 55 55 55 55 55 55 55 56
53 53 53 53 53 53 53 53 53 53 53 53 53 53 53 54 54 54 54 54 54 54 54 54 54 54 54 54 54 54 54 54 54 54 54 54 54 54 54 54 54 55 55 54 54 55 55 54 54 54 54 54 54 54 54 54 55 55 55 55 55 55 55 55 55 55 55 55 55 55 55 55 55 55 55 55 55 55 55 55 55 55 55 55 55 55 55 55 55 55 55 55 55 55 55 55 55 55 55 56
53 53 53 53 53 53 53 53 53 53 53 53 53 53 53 54 54 54 54 54 54 54 54 54 54 54 54 54 54 54 54 54 54 54 54 54 54 54 54 54 55 55 55 55 55 55 55 54 54 54 54 54 54 54 54 55 55 55 55 55 55 55 55 55 55 55 55 55 55 55 55 55 55 55 55 55 55 55 55 55 55 55 55 55 55 55 55 55 56 55 55 55 55 55 55 55 55 55 55 56
53 53 53 53 53 53 54 54 54 54 54 54 54 54 54 54 54 54 54 54 54 54 54 54 54 54 54 54 54 54 54 54 54 54 54 54 54 54 54 55 55 55 55 55 55 55 54 54 55 55 55 55 55 55 55 55 55 55 55 55 55 55 55 55 55 55 55 55 55 55 55 55 55 55 55 55 55 55 55 55 55 55 55 55 56 56 56 56 56 55 55 55 55 55 55 55 55 55 55 56
53 53 53 53 53 55 55 55 55 55 54 54 54 54 54 54 54 54 54 54 54 54 54 54 54 54 54 54 54 54 54 54 54 54 54 54 54 54 55 55 55 54 54 55 54 54 54 55 55 55 55 55 55 55 55 55 55 55 55 55 55 55 55 55 55 55 55 55 55 55 55 55 55 55 55 55 56 55 55 55 55 55 55 55 56 56 56 56 55 55 55 55 55 55 55 55 55 56 56 56
55 55 55 55 55 55 55 55 55 54 54 54 55 54 54 54 54 54 54 54 54 54 54 54 54 54 54 54 54 54 54 54 54 54 54 54 55 55 55 55 54 54 54 54 54 54 55 55 55 55 55 55 55 55 55 55 55 55 55 55 55 55 55 55 55 55 55 55 55 55 55 55 55 55 55 56 56 56 55 55 55 55 55 55 56 56 56 56 55 55 55 55 55 55 55 55 55 55 55 56
55 55 55 55 55 55 55 55 55 55 55 55 54 54 54 54 54 54 54 54 54 54 54 54 54 54 54 54 54 54 54 54 54 54 54 55 55 55 55 54 54 54 55 55 55 55 55 55 55 55 55 55 55 55 55 55 55 55 55 55 56 56 56 56 56 56 55 55 55 56 56 55 55 55 55 56 56 55 55 55 56 55 55 56 56 56 56 55 55 55 56 56 55 55 55 55 55 56 56 56
55 55 55 55 55 55 55 55 55 55 55 54 54 54 54 54 54 54 54 54 54 54 54 54 54 54 54 54 54 54 54 54 54 54 54 55 55 55 55 54 55 54 55 55 55 55 55 55 55 55 55 55 55 55 55 55 55 55 55 56 56 56 56 56 56 56 56 56 56 56 56 56 56 56 56 56 56 56 55 55 56 56 56 56 56 56 55 55 56 56 56 56 55 55 55 55 55 56 56 56
55 55 55 55 55 55 55 55 54 54 54 54 54 54 54 54 54 54 54 54 54 54 54 54 54 54 54 54 54 54 54 54 54 54 54 54 54 55 55 55 55 55 55 55 55 55 55 55 55 55 55 55 55 55 55 55 56 56 56 56 55 55 55 55 55 55 55 55 55 55 55 55 56 56 56 56 56 56 56 56 55 56 56 56 56 55 55 55 55 56 56 56 55 55 55 55 55 55 55 56
55 55 55 55 55 55 54 54 54 54 54 54 54 54 54 54 54 54 54 54 54 54 54 54 54 54 54 54 54 54 54 55 55 54 54 54 54 55 55 55 55 55 55 55 55 55 55 55 55 55 55 55 55 55 55 55 56 56 56 56 55 55 55 55 55 55 55 55 55 55 56 56 56 56 56 56 56 56 56 56 56 56 56 56 56 55 55 56 56 56 56 56 55 55 55 55 55 55 55 56
55 55 55 55 55 55 55 55 55 55 54 54 54 54 54 54 54 54 54 54 54 54 54 54 54 54 54 54 54 54 55 55 54 54 54 55 55 55 55 55 55 55 55 55 55 55 55 55 55 55 55 55 55 55 55 55 56 56 55 56 55 55 55 55 55 55 55 56 56 56 56 56 56 56 56 56 56 56 56 56 56 56 56 55 55 55 56 56 56 56 56 56 56 56 55 55 56 56 56 56
55 55 55 55 55 55 55 55 55 55 55 55 54 54 54 54 54 54 54 54 54 54 54 54 54 54 54 54 54 54 54 55 54 54 55 55 55 55 55 55 55 55 55 55 55 55 55 55 55 55 55 55 55 55 55 55 56 56 55 55 55 55 55 55 55 55 55 56 56 56 56 56 56 56 56 56 56 56 56 56 56 55 55 55 55 56 56 56 56 56 56 56 56 55 55 55 56 56 56 56
55 55 55 55 55 55 55 55 55 55 55 55 55 54 54 54 54 54 54 54 54 54 54 54 54 54 54 54 54 55 55 55 55 55 55 55 55 55 55 55 55 55 55 55 55 55 55 55 55 55 55 55 55 55 55 55 56 55 55 56 56 56 56 56 56 56 56 56 56 56 56 56 56 56 56 56 56 56 56 56 55 55 55 56 56 56 56 56 56 56 56 56 56 55 55 55 56 56 56 56
55 55 55 55 55 55 55 55 55 55 55 55 54 54 54 54 54 54 54 54 54 54 54 54 55 54 54 54 55 55 55 55 55 55 55 55 55 55 55 55 55 55 55 55 55 55 55 55 55 55 55 55 55 55 55 55 55 55 55 56 56 56 56 56 56 56 56 56 56 56 56 56 56 56 56 56 56 56 56 56 55 55 56 56 56 56 56 56 56 56 56 56 56 55 55 55 56 56 56 57
55 55 55 55 55 55 54 54 54 54 54 54 54 54 54 54 54 54 54 54 54 55 55 55 55 55 55 55 55 55 55 55 55 55 55 55 55 55 55 55 55 55 55 55 55 55 55 55 55 55 55 55 55 55 55 55 55 55 55 55 55 56 56 56 56 56 56 56 56 56 56 56 56 56 56 56 56 56 56 56 56 56 56 56 56 56 56 56 56 56 56 56 56 55 56 56 56 56 56 57
55 55 55 55 54 54 54 54 54 54 54 54 54 54 54 54 54 54 54 54 54 55 55 55 55 55 55 55 55 55 55 55 55 55 55 55 55 55 55 55 55 55 55 55 55 55 55 55 55 55 55 55 55 55 55 55 55 55 55 56 56 56 56 56 56 56 56 56 56 56 56 56 56 56 56 56 56 56 56 56 56 56 56 56 56 56 56 56 56 56 56 56 56 56 56 56 56 56 56 57
55 55 55 55 55 55 55 54 54 54 54 54 54 54 54 54 54 54 54 54 55 55 55 55 55 55 55 55 55 55 55 55 55 55 55 55 55 55 55 55 55 55 55 55 55 55 55 55 55 55 55 55 55 55 55 55 55 55 55 55 55 55 56 56 56 56 56 56 56 56 56 56 56 56 56 56 56 56 56 56 56 56 56 56 56 56 56 56 56 56 56 56 56 56 56 56 56 56 56 57
55 55 55 55 55 55 55 54 54 54 54 54 54 54 54 54 54 54 54 54 55 55 55 55 55 55 55 55 55 55 55 55 55 55 55 55 55 55 55 55 55 55 55 55 55 55 55 55 55 55 55 55 55 55 55 55 55 55 55 55 55 55 55 55 56 55 55 55 55 55 55 55 55 55 55 56 55 56 56 56 56 56 56 56 56 56 56 56 56 56 56 56 56 56 56 56 56 56 56 57
55 55 55 55 55 55 54 54 54 54 55 55 55 54 54 55 54 55 55 55 55 55 55 55 55 55 55 55 55 55 55 55 55 55 55 55 55 55 55 55 55 55 55 55 55 55 55 55 55 55 55 55 55 55 55 55 55 55 55 55 55 55 55 55 56 55 55 55 55 55 55 55 55 55 55 55 55 56 56 56 56 56 56 56 56 56 56 56 56 56 56 56 56 56 56 56 56 56 56 57
55 55 55 55 54 54 54 54 54 54 55 55 55 55 55 55 55 55 55 55 55 55 55 55 55 55 55 55 55 55 55 55 55 55 55 55 55 55 55 55 55 55 55 55 55 55 55 55 55 55 55 55 55 55 55 55 55 55 55 55 55 55 55 55 56 56 55 56 56 56 55 55 56 56 55 56 55 56 56 56 56 56 56 56 56 56 56 56 56 56 56 56 56 56 56 56 56 56 56 57
55 55 55 55 54 54 54 54 55 55 55 55 55 55 55 55 55 55 55 55 55 55 55 55 55 55 55 55 55 55 55 55 55 55 55 55 55 55 55 55 55 55 55 55 55 55 55 55 55 55 55 55 55 55 55 55 55 55 55 55 55 55 55 55 55 56 55 55 55 55 56 56 56 55 55 56 55 56 56 56 56 56 56 56 56 56 56 56 56 56 56 56 56 56 56 56 56 57 57 57
55 55 55 55 55 54 55 55 55 55 55 55 55 55 55 55 55 55 55 55 55 55 55 55 55 55 55 55 55 55 55 55 55 55 55 55 55 55 55 55 55 55 55 55 55 55 55 55 55 55 55 55 55 55 55 55 55 55 55 55 55 55 55 55 55 55 55 55 55 55 55 56 55 55 55 56 56 56 56 56 56 56 56 56 56 56 56 56 56 56 56 56 56 56 56 56 58 58 57 57
55 55 55 55 55 54 55 55 55 55 55 55 55 55 55 55 55 55 55 55 55 55 55 55 55 55 55 55 55 55 55 55 55 55 55 55 55 55 55 55 55 55 55 55 55 55 55 55 55 55 55 55 55 55 55 55 55 55 55 55 55 55 55 55 55 55 55 55 56 56 56 55 56 55 55 56 56 56 56 56 56 56 56 56 56 56 56 56 56 56 56 56 56 56 58 58 58 58 58 57
55 55 55 55 55 55 55 55 55 55 55 55 55 55 55 55 55 55 55 55 55 55 55 55 55 55 55 55 55 55 55 55 55 55 55 55 55 55 55 55 55 55 55 55 55 55 55 55 55 55 55 55 55 55 55 55 55 55 55 55 55 55 55 55 55 55 55 55 56 55 55 56 56 56 56 56 56 56 56 56 56 56 56 56 56 56 56 56 56 56 56 56 58 58 58 58 58 58 58 57
55 55 55 55 55 55 55 55 55 55 55 55 55 55 55 55 55 55 55 55 55 55 55 55 55 55 55 55 55 55 55 55 55 55 55 55 55 55 55 55 55 55 55 55 55 55 55 55 55 55 55 55 55 55 55 55 55 55 55 55 55 55 55 55 55 55 55 55 55 55 56 56 55 56 56 56 56 56 56 56 56 56 56 56 56 56 56 56 56 58 58 58 58 58 58 58 58 58 58 57
55 55 55 55 55 55 55 55 55 55 55 55 55 55 55 55 55 55 55 55 55 55 55 55 55 55 55 55 55 55 55 55 55 55 55 55 55 55 55 55 55 55 55 55 55 55 55 55 55 55 55 55 55 55 55 55 55 55 55 55 55 55 55 55 55 55 55 55 55 55 55 56 55 56 56 56 55 55 55 55 55 55 55 55 56 56 56 56 56 58 58 58 58 58 58 58 58 58 58 57
55 55 55 55 55 55 55 55 55 55 55 55 55 55 55 55 55 55 55 55 55 55 55 55 55 55 55 55 55 55 55 55 55 55 55 55 55 55 55 55 55 55 55 55 55 55 55 55 55 55 55 55 55 55 55 55 55 55 55 55 55 55 55 55 55 55 55 55 55 55 55 55 55 55 56 55 55 55 55 55 55 58 58 58 58 58 56 58 58 58 58 58 58 58 58 58 58 58 58 57
55 55 55 55 55 55 55 55 55 55 55 55 55 55 55 55 55 55 55 55 55 55 55 55 55 55 55 55 55 55 55 55 55 55 55 55 55 55 55 55 55 55 55 55 55 55 55 55 55 55 55 55 55 55 55 55 55 55 55 55 55 55 55 55 55 55 55 55 55 55 55 55 55 55 55 55 55 55 55 55 55 58 58 58 58 58 58 58 58 58 58 58 58 58 58 58 58 58 58 57
55 55 55 55 55 55 55 55 55 55 55 55 55 55 55 55 55 55 55 55 55 55 55 55 55 55 55 55 55 55 55 55 55 55 55 59 59 59 55 55 55 55 55 55 55 55 55 55 55 55 55 55 55 59 59 59 55 55 55 55 55 55 55 55 55 55 55 55 55 55 55 55 55 55 55 55 55 55 55 55 58 58 58 58 58 58 58 58 58 58 58 58 58 58 58 58 58 58 58 57
55 55 55 55 55 55 55 55 55 55 55 55 55 55 55 55 55 55 55 55 55 55 55 55 55 55 55 55 55 55 55 55 55 55 55 59 59 59 55 55 55 55 55 59 59 55 55 55 55 55 55 55 55 59 59 59 55 55 55 55 55 55 55 55 55 55 55 55 55 55 55 55 55 55 55 55 55 55 55 55 58 58 58 58 58 58 58 58 58 58 58 58 58 58 58 58 58 58 58 57
55 55 55 55 55 55 55 55 55 55 55 55 55 55 55 55 55 55 55 55 55 55 55 55 55 55 59 55 55 59 59 59 55 59 59 59 59 59 59 55 55 55 55 59 59 55 55 55 59 59 59 55 59 59 59 59 55 55 55 55 55 55 59 59 55 55 55 55 55 55 55 55 55 55 55 55 55 55 58 58 58 58 58 58 58 58 58 58 58 58 58 58 58 58 58 58 58 58 58 57
55 55 55 55 55 55 55 55 55 55 55 55 55 55 55 55 55 59 55 59 59 59 55 59 59 59 59 59 59 59 59 59 59 59 59 59 59 59 55 55 55 55 55 59 59 55 55 55 59 59 59 59 59 59 59 59 59 59 59 59 59 59 59 59 55 55 55 55 55 55 55 55 55 55 55 55 55 58 58 58 58 58 58 58 58 58 58 58 58 58 58 58 58 58 58 58 58 58 57 57
55 55 55 55 55 55 55 55 55 59 59 59 55 59 59 55 59 59 59 59 59 59 59 59 59 59 59 59 59 59 59 59 59 59 59 59 59 59 59 59 55 55 55 59 59 59 59 59 59 59 59 59 59 59 59 59 59 59 59 59 59 59 55 55 55 55 55 55 55 55 55 55 55 55 55 55 55 55 55 55 58 58 58 58 58 58 58 58 58 58 58 58 58 58 58 58 58 58 57 57
55 55 55 55 55 55 55 55 55 59 59 59 59 59 59 59 59 59 59 59 59 59 59 59 59 59 59 59 59 59 59 59 59 59 59 59 59 59 59 59 59 59 59 59 59 59 59 59 59 59 59 59 59 59 59 59 59 59 59 59 59 55 55 55 55 55 55 55 55 55 55 55 55 55 55 55 55 55 55 55 58 58 58 58 58 58 58 58 58 58 58 58 58 58 58 58 57 57 57 60
55 55 55 55 55 55 55 55 55 59 59 59 59 59 59 59 59 59 59 59 59 59 59 59 59 59 59 59 59 59 59 59 59 59 59 59 59 59 59 59 59 59 59 59 59 59 59 59 59 59 59 59 59 59 59 59 59 59 59 59 59 59 59 55 55 55 55 55 55 55 55 55 55 55 55 55 55 55 55 55 58 58 58 58 58 58 58 58 58 58 58 58 58 58 58 57 57 57 60 60
55 55 55 55 55 55 55 55 59 59 59 59 59 59 59 59 59 59 59 59 59 59 59 59 59 59 59 59 59 59 59 59 59 59 59 59 59 59 59 59 59 59 59 59 59 59 59 59 59 59 59 59 59 59 59 59 59 59 59 59 59 59 59 59 59 59 59 59 55 59 59 59 55 55 55 55 55 55 55 55 55 58 58 58 58 58 58 58 58 58 58 58 58 58 57 57 60 60 60 60
61 55 62 62 62 62 62 62 62 59 59 59 59 59 59 59 59 59 59 59 59 59 59 59 59 59 59 59 59 59 59 59 59 59 59 59 59 59 59 59 59 59 59 59 59 59 59 59 59 59 59 59 59 59 59 59 59 59 59 59 59 59 59 59 59 59 59 59 59 59 59 59 55 55 55 55 55 55 55 55 57 58 58 58 58 58 58 58 58 58 58 58 58 57 57 60 60 60 60 60
55 55 55 62 62 62 62 62 62 62 62 62 59 59 59 59 59 59 59 59 59 59 59 59 59 59 59 59 59 59 59 59 59 59 59 59 59 59 59 59 59 59 59 59 59 59 59 59 59 59 59 59 59 59 59 59 59 59 59 59 59 59 59 59 59 59 59 59 59 59 59 59 55 55 55 55 57 57 57 57 57 57 57 57 57 58 58 58 58 58 57 57 57 57 60 60 60 60 60 60
62 62 62 62 62 62 62 62 62 62 62 62 59 59 59 59 59 59 59 59 59 59 59 59 59 59 59 59 59 59 59 59 59 59 59 59 59 59 59 59 59 59 59 59 59 59 59 59 59 59 59 59 59 59 59 59 59 59 59 59 59 59 59 59 59 59 59 59 59 59 59 59 59 55 55 57 57 57 57 57 57 57 58 58 58 58 58 58 57 58 57 57 57 60 60 60 60 60 60 60
62 62 62 62 62 62 62 62 62 62 62 62 59 59 59 59 59 59 59 59 59 59 59 59 59 59 59 59 59 59 59 59 59 59 59 59 59 59 59 59 59 59 59 59 59 59 59 59 59 59 59 59 59 59 59 59 59 59 59 59 59 59 59 59 59 59 59 59 59 59 59 59 59 55 57 57 57 57 57 57 57 58 58 58 58 58 58 57 57 57 57 57 57 60 60 60 60 60 60 60
62 62 62 62 62 62 62 62 62 62 62 62 62 62 62 59 59 59 59 59 59 59 59 59 59 59 59 59 59 59 59 59 59 59 59 59 59 59 59 59 59 59 59 59 59 59 59 59 59 59 59 59 59 59 59 59 59 59 59 59 59 59 59 59 59 59 59 59 59 59 59 59 59 55 57 57 57 57 57 57 57 57 57 57 57 57 57 60 60 57 57 57 57 57 60 60 60 60 60 60
62 62 62 62 62 62 62 62 62 62 62 62 62 62 62 59 59 59 59 59 59 59 59 59 59 59 59 59 59 59 59 59 59 59 59 59 59 59 59 59 59 59 59 59 59 59 59 59 59 59 59 59 59 59 59 59 59 59 59 59 59 59 59 59 59 59 59 59 59 59 59 59 59 55 57 57 57 57 57 57 57 57 57 57 57 60 60 60 60 57 57 57 57 57 57 60 60 60 60 60
62 62 62 62 62 62 62 62 62 62 62 62 62 62 62 59 59 59 59 59 59 59 59 59 59 59 59 59 59 59 59 59 59 59 59 59 59 59 59 59 59 59 59 59 59 59 59 59 59 59 59 59 59 59 59 59 59 59 59 57 57 57 57 55 59 59 59 59 59 59 59 59 55 57 57 57 57 57 57 57 57 57 60 60 60 60 60 60 60 60 57 57 57 60 60 60 60 60 60 60
62 62 62 62 62 62 62 62 62 62 62 62 62 62 62 59 59 59 59 59 59 59 63 59 59 59 59 59 59 59 59 59 59 59 59 59 59 59 59 59 59 59 59 59 59 59 59 59 57 57 57 57 57 57 57 57 59 59 57 57 57 57 57 57 55 55 55 55 55 59 59 59 55 57 57 57 57 57 57 57 57 60 60 60 60 60 60 60 60 60 60 60 60 60 60 60 60 60 60 60
62 62 62 62 62 62 62 62 62 62 62 62 62 62 62 59 59 59 59 59 59 59 63 59 59 59 59 59 59 59 59 59 59 59 59 59 59 59 59 59 59 59 59 59 59 59 59 59 59 59 59 59 59 59 57 57 57 57 57 57 57 57 57 57 57 57 57 57 55 55 55 55 57 57 57 57 57 57 57 57 57 57 57 60 57 57 60 60 60 60 60 60 60 60 60 60 60 60 60 60
62 62 62 62 62 62 62 62 62 62 62 62 62 62 62 59 59 62 62 62 59 63 63 63 63 63 63 63 63 63 63 63 63 63 63 63 63 59 59 59 59 59 59 59 59 59 59 59 59 59 59 59 59 59 59 59 59 59 59 57 57 57 57 57 57 57 57 57 57 57 57 57 57 57 57 57 57 57 57 57 57 57 57 60 60 57 60 60 60 60 60 60 60 60 60 60 60 60 60 60
62 62 62 62 62 62 62 62 62 62 62 62 62 59 59 59 59 59 62 62 59 63 63 63 63 63 63 63 63 63 63 63 63 63 63 63 63 63 63 63 63 59 57 57 57 57 57 57 57 57 59 59 59 59 59 59 59 57 57 57 57 64 64 64 64 64 64 64 64 57 57 57 57 57 57 57 57 57 57 57 57 57 57 57 57 57 60 60 60 60 60 60 60 60 60 60 60 60 60 60
62 62 62 62 62 62 62 62 62 62 62 62 62 62 62 59 59 62 62 62 59 63 63 63 63 63 63 63 63 63 63 63 63 63 63 63 63 63 63 63 59 57 57 57 57 57 57 57 57 57 57 57 57 57 57 59 59 57 57 57 64 64 64 64 64 64 64 64 64 64 64 64 64 64 57 57 57 57 57 57 57 57 57 57 57 57 57 57 60 60 60 60 60 60 60 60 60 60 60 60
62 62 62 62 62 62 62 62 62 62 62 62 62 62 59 62 62 62 62 62 59 63 63 65 63 63 63 63 63 63 63 63 63 63 63 63 63 63 63 63 63 63 57 57 57 57 57 57 57 57 57 57 57 57 57 57 57 57 57 57 64 64 64 64 64 64 64 64 64 64 64 64 64 64 64 57 57 57 57 57 57 57 57 57 57 57 57 57 57 60 57 57 57 57 57 60 60 60 60 60
62 62 62 62 62 62 62 62 62 62 62 59 59 62 62 62 62 62 62 59 59 65 65 65 65 65 65 65 65 63 65 65 63 63 63 63 63 63 63 63 63 57 57 57 57 57 57 57 57 57 57 57 57 57 57 57 57 57 57 57 64 64 64 64 64 64 64 64 64 64 64 64 64 64 64 57 57 57 57 57 57 57 57 57 57 57 57 57 57 57 57 57 57 57 57 57 57 60 60 60
62 62 62 62 62 62 62 62 62 62 62 59 59 59 62 62 62 62 62 59 59 65 65 65 65 65 65 65 65 65 65 65 65 65 65 65 65 65 65 65 63 63 57 57 57 57 57 57 57 57 57 57 57 57 57 57 57 57 57 64 64 64 64 64 64 64 64 64 64 64 64 64 64 64 57 57 57 57 57 57 57 57 57 57 57 57 57 57 57 57 57 57 57 57 57 60 57 60 60 60
62 62 62 62 62 62 62 62 62 62 62 62 59 59 59 59 59 59 59 59 59 65 65 65 65 65 65 65 65 65 65 65 65 65 65 65 65 65 65 65 63 63 57 57 57 57 57 57 57 57 57 57 57 57 57 57 57 57 64 64 64 64 64 64 64 64 64 64 64 64 64 64 64 64 57 57 57 57 57 57 57 57 57 57 57 57 57 57 57 57 60 60 57 60 60 60 60 60 60 60
62 62 62 66 66 66 62 62 62 59 62 62 59 59 59 59 59 59 59 59 65 65 65 65 65 65 65 65 65 65 65 65 65 65 65 65 65 65 65 65 63 63 57 57 57 57 57 57 57 57 57 57 57 57 57 57 57 57 64 64 64 64 64 64 64 64 64 64 64 64 64 64 64 64 64 64 57 57 57 57 57 57 57 57 57 57 57 57 57 57 57 60 60 60 60 60 60 60 60 60
66 62 62 62 66 66 66 62 62 59 59 62 59 59 59 59 59 59 65 65 65 65 65 65 65 65 65 65 65 65 65 65 65 65 65 65 65 65 65 65 63 63 63 57 57 57 57 57 57 57 57 57 57 57 57 57 57 57 64 64 64 64 64 64 64 64 64 64 64 64 64 64 64 64 64 64 57 60 57 57 57 57 57 57 57 60 57 57 57 60 60 60 60 60 60 60 60 60 60 60
66 66 66 66 66 66 66 66 66 66 59 59 59 59 59 59 59 59 65 65 65 65 65 65 65 65 65 65 65 65 65 65 65 65 65 65 65 65 65 65 63 63 63 57 57 57 57 64 64 57 57 57 57 57 57 57 57 57 64 64 64 64 64 64 64 64 64 64 64 64 64 64 64 64 64 64 57 60 60 60 60 60 60 60 60 60 57 57 57 57 60 60 60 60 60 60 60 60 60 60
66 66 66 66 66 66 66 66 66 66 59 59 59 59 59 59 59 59 65 65 65 65 65 65 65 65 65 65 65 65 65 65 65 65 65 65 65 65 65 65 63 63 63 57 57 57 57 64 64 57 57 57 57 57 57 57 57 64 64 64 64 64 64 64 64 64 64 64 64 64 64 64 64 64 64 64 57 60 60 60 60 60 60 60 60 60 60 60 60 60 60 60 60 60 60 60 60 60 60 60
66 66 66 66 66 66 66 59 59 59 59 59 59 59 59 59 59 59 65 65 65 65 65 65 65 65 65 65 65 65 65 65 65 65 65 65 65 65 65 65 63 63 63 57 57 57 64 64 64 57 57 57 57 57 57 57 57 64 64 64 64 64 64 64 64 64 64 64 64 64 64 64 64 64 64 60 60 60 60 60 60 60 60 60 60 60 60 60 60 60 60 60 60 60 60 60 60 60 60 60
66 66 66 66 66 66 66 66 66 66 59 59 59 59 59 59 59 65 65 65 65 65 65 65 65 65 65 65 65 65 65 65 65 65 65 65 65 65 65 63 63 63 63 57 57 57 64 64 64 57 57 57 57 57 57 57 57 64 64 64 64 64 64 64 64 64 64 64 64 64 64 64 64 64 64 60 60 60 60 60 60 60 60 60 60 60 60 60 60 60 60 60 60 60 60 60 60 60 60 60
67 67 67 66 66 66 66 66 66 66 66 66 66 59 59 59 59 65 65 65 65 65 65 65 65 65 65 65 65 65 65 65 65 65 65 65 65 65 65 63 63 63 63 63 63 63 64 64 64 57 57 57 57 57 57 57 57 64 64 64 64 64 64 64 64 64 64 64 64 64 64 64 64 64 64 60 60 60 60 60 60 60 60 60 60 60 60 60 60 60 60 60 60 60 60 60 60 60 60 60
67 67 67 67 67 66 66 66 66 66 66 66 66 59 59 59 59 65 65 65 65 65 65 65 65 65 65 65 65 65 65 65 65 65 65 65 65 65 65 63 63 63 63 63 63 63 64 64 64 57 57 57 57 57 57 57 64 64 64 64 64 64 64 64 64 64 64 64 64 64 64 64 64 64 64 60 60 60 60 60 60 60 60 60 60 60 60 60 60 60 60 60 60 60 60 60 60 60 60 60
67 67 67 67 67 67 67 67 66 66 66 66 66 66 59 59 59 65 65 65 65 65 65 65 65 65 65 65 65 65 65 66 66 65 65 65 63 63 63 63 63 63 63 63 63 63 63 63 64 64 64 64 57 57 57 57 64 64 64 64 64 64 64 64 64 64 64 64 64 64 64 64 64 64 64 64 64 64 60 60 60 60 60 60 60 60 60 60 60 60 60 60 60 60 60 60 60 60 60 60
67 67 67 67 67 67 67 67 67 67 66 66 66 66 66 66 68 68 68 65 65 65 65 65 65 65 65 65 65 65 65 65 66 66 66 65 65 65 65 65 65 63 63 63 63 63 63 63 63 63 64 64 64 64 57 57 64 64 64 64 64 64 64 64 64 64 64 64 64 64 64 64 64 64 64 64 64 64 60 60 60 60 60 60 60 60 60 60 60 60 60 60 60 60 60 60 60 60 60 60
67 67 67 67 67 67 67 67 67 67 67 67 66 66 66 66 66 66 66 68 65 65 65 65 65 65 65 66 66 65 65 65 66 66 65 65 65 65 65 65 65 63 63 63 63 63 63 63 63 63 63 63 63 64 64 64 64 64 64 64 64 64 64 64 64 64 64 64 64 64 64 64 64 64 64 64 64 64 60 60 60 60 60 60 60 60 60 60 60 60 60 60 60 60 60 60 60 60 60 60
67 67 67 67 67 67 67 67 67 67 67 67 67 67 67 66 66 66 66 66 65 65 65 65 65 65 65 66 66 65 65 65 66 66 66 65 65 66 65 65 63 63 63 63 63 63 63 65 65 65 63 63 63 63 63 63 63 64 64 64 64 64 64 64 64 64 64 64 64 64 64 64 64 64 64 64 64 64 69 60 60 60 60 60 60 60 60 60 60 60 60 60 60 60 60 60 60 60 60 60
67 67 67 67 67 67 67 67 67 67 67 67 67 67 67 66 66 66 66 66 66 66 66 66 66 66 66 66 65 65 66 66 66 66 66 66 66 65 65 65 63 63 63 63 63 65 65 65 65 65 65 65 63 63 63 63 63 64 64 64 64 64 64 64 64 64 64 64 64 64 64 64 64 64 64 64 64 64 69 69 69 69 60 60 60 60 60 60 60 60 60 60 60 60 60 60 60 60 60 60
67 67 67 67 67 67 67 67 67 67 67 67 67 67 67 67 67 67 67 66 66 66 66 66 66 66 66 65 65 65 66 66 66 66 66 66 66 65 65 65 63 63 63 63 63 65 65 65 65 65 65 65 63 63 63 63 63 64 64 64 64 64 64 64 64 64 64 64 64 64 64 64 64 64 64 64 64 69 69 69 69 69 69 69 60 60 60 60 60 60 60 60 60 60 60 60 60 60 60 60
67 67 67 67 67 67 67 67 67 67 67 67 67 67 67 67 67 67 67 67 66 66 66 66 66 66 66 66 66 66 66 65 65 65 65 65 65 65 63 63 63 63 63 63 65 65 65 65 65 65 63 65 65 63 64 64 63 64 64 64 64 64 64 64 64 64 64 64 64 64 64 64 64 69 69 69 69 69 69 69 69 69 69 60 60 60 60 60 60 60 60 60 60 60 60 60 60 60 60 60
67 67 67 67 67 67 67 67 67 67 67 67 67 67 67 67 67 67 67 67 67 67 67 66 66 66 66 66 66 66 66 66 65 65 65 65 65 65 63 63 63 63 63 63 65 65 65 63 63 65 63 65 65 63 63 64 63 64 64 64 64 64 64 64 64 64 64 64 64 64 64 64 64 69 69 69 69 69 69 69 69 69 69 60 60 60 60 60 60 60 60 60 60 60 60 60 60 60 60 60
67 67 67 67 67 67 67 67 67 67 67 67 67 67 67 67 67 67 67 67 67 67 67 67 67 66 66 66 66 66 66 66 65 65 65 65 65 65 65 65 63 65 65 65 65 65 63 63 63 65 63 63 63 65 65 64 63 63 64 64 69 69 64 64 64 64 64 64 69 69 69 69 69 69 69 69 69 69 69 69 69 69 69 69 69 60 60 60 60 60 60 60 60 60 60 60 60 60 60 60
67 67 67 67 67 67 67 67 67 67 67 67 67 67 67 67 67 67 67 67 67 67 67 67 67 67 67 66 66 66 66 66 65 65 65 65 65 65 65 65 65 65 65 65 65 65 63 63 63 63 63 63 63 65 65 64 63 63 64 69 69 69 69 69 69 69 69 69 69 69 69 69 69 69 69 69 69 69 69 69 69 69 69 69 69 69 60 60 60 60 60 60 60 60 60 60 60 60 60 60
67 67 67 67 67 67 67 67 67 67 67 67 67 67 67 67 66 66 66 66 66 66 66 66 66 66 66 66 66 66 66 66 65 65 66 66 66 65 65 65 65 65 65 65 65 65 65 63 65 65 63 63 63 65 64 63 63 63 64 69 69 69 69 69 69 69 69 69 69 69 69 69 69 69 69 69 69 69 69 69 60 60 60 60 60 60 60 60 60 60 60 60 60 60 60 60 60 60 60 60
67 67 67 67 67 67 67 67 67 67 67 67 67 67 67 67 66 66 66 66 66 66 66 66 66 66 66 66 66 66 66 66 65 65 66 66 66 66 66 65 65 65 65 65 65 65 65 63 65 63 63 63 63 65 64 63 63 64 64 69 69 69 69 69 69 69 69 69 69 69 69 69 69 69 69 69 69 69 69 69 60 60 60 60 60 60 60 60 60 60 60 60 60 60 60 60 60 60 60 60
67 67 67 67 67 67 67 67 67 67 67 67 67 67 67 67 66 66 66 66 66 66 66 66 66 66 66 66 66 66 66 66 65 65 66 66 66 66 66 65 65 65 65 65 65 65 65 65 65 63 63 63 63 65 64 64 64 64 69 69 69 69 69 69 69 69 69 69 69 69 69 69 69 69 69 69 69 69 69 69 60 60 60 60 60 60 60 60 60 60 60 60 60 60 60 60 60 60 60 60
67 67 67 67 67 67 67 67 67 67 67 67 67 67 67 67 66 66 66 66 66 66 66 66 66 66 66 66 66 64 66 66 66 66 66 64 66 64 64 64 65 65 65 65 65 65 65 65 65 65 63 63 65 65 64 64 64 64 69 69 69 69 69 69 69 69 69 69 69 69 69 69 69 69 69 69 69 69 69 69 60 60 60 60 60 60 60 60 69 60 60 60 60 60 60 60 60 60 60 60
67 67 67 67 67 67 67 67 67 67 67 67 67 67 67 67 66 66 66 66 66 66 66 66 66 66 66 64 64 64 64 64 64 64 64 64 64 64 64 64 65 65 64 64 64 65 65 65 65 65 65 65 65 64 64 64 69 69 69 69 69 69 69 69 69 69 69 69 69 69 69 69 69 69 69 69 69 69 69 60 60 60 60 60 60 60 60 69 60 69 60 60 60 60 60 60 60 60 60 60
67 67 67 67 67 67 67 67 67 67 67 67 67 67 67 67 66 66 66 66 66 66 66 66 66 66 66 66 64 64 64 64 64 64 64 64 64 64 64 64 64 64 64 64 64 64 64 64 65 65 65 65 65 64 64 64 69 69 69 69 69 69 69 69 69 69 69 69 69 69 69 69 69 69 69 69 69 69 60 60 60 60 60 69 60 60 69 69 69 69 60 60 60 60 60 60 60 60 60 60
67 67 67 67 67 67 67 67 67 67 67 67 67 67 67 66 66 66 66 66 66 66 66 66 66 66 66 64 64 64 64 64 64 64 64 64 64 64 64 64 64 64 64 64 64 64 64 65 65 65 65 65 65 64 64 64 69 69 69 69 69 69 69 69 69 69 69 69 69 69 69 69 69 69 69 69 69 69 69 69 69 69 69 60 69 69 69 69 69 69 69 60 60 60 60 60 60 60 60 60
67 67 67 67 67 67 67 67 67 67 67 67 67 67 67 66 66 66 66 66 66 66 66 66 66 66 66 64 64 64 64 64 64 64 64 64 64 64 64 64 64 64 64 64 64 64 64 64 64 64 64 64 64 64 64 64 69 69 69 69 69 69 69 69 69 69 69 69 69 69 69 69 69 69 69 69 69 69 69 69 69 69 69 69 69 69 69 69 69 69 69 69 69 60 60 60 60 60 60 60
67 67 67 67 67 67 67 67 67 67 67 67 67 67 67 67 67 66 66 66 66 66 66 66 66 66 66 64 64 64 64 64 64 64 64 64 64 64 64 64 64 64 64 64 64 64 64 64 64 64 64 64 64 64 64 64 64 69 69 69 69 69 69 69 69 69 69 69 69 69 69 69 69 69 69 69 69 69 69 69 69 69 69 69 69 69 69 69 69 69 69 69 69 69 69 69 69 69 60 60
67 67 67 67 67 67 67 67 67 67 67 67 67 67 67 67 67 67 70 66 66 66 64 66 64 64 64 64 64 64 64 64 64 64 64 64 64 64 64 64 64 64 64 64 64 64 64 64 64 64 64 64 64 64 64 64 69 69 69 69 69 69 69 69 69 69 69 69 69 69 69 69 69 69 69 69 69 69 69 69 69 69 69 69 69 69 69 69 69 69 69 69 69 69 69 69 69 69 60 60
67 67 67 67 67 67 67 67 67 67 67 67 67 67 67 67 67 70 70 70 70 70 64 64 64 64 64 64 64 64 64 64 64 64 64 64 64 64 64 64 64 64 64 64 64 64 64 64 64 64 64 64 64 64 64 64 64 64 64 69 69 69 69 69 69 69 69 69 69 69 69 69 69 69 69 69 69 69 69 69 69 69 69 69 69 69 69 69 69 69 69 69 69 69 69 69 69 69 60 60
67 67 67 67 67 67 67 67 67 67 67 67 67 67 67 67 70 70 70 70 70 70 70 70 64 64 64 64 64 64 64 64 64 64 64 64 64 64 64 64 64 64 64 64 64 64 64 64 64 64 64 64 64 64 64 64 64 64 64 64 64 69 69 69 69 69 69 69 69 69 69 69 69 69 69 69 69 69 69 69 69 69 69 69 69 69 69 69 69 69 69 69 69 69 69 69 69 69 60 60
67 67 67 67 67 67 67 67 67 67 67 67 67 67 67 67 70 70 70 70 70 70 70 70 70 64 70 64 64 64 64 64 64 64 64 64 64 64 64 64 64 64 64 64 64 64 64 64 64 64 64 64 64 64 64 64 64 64 64 64 64 64 64 64 69 69 69 69 69 69 69 69 69 69 69 69 69 69 69 69 69 69 69 69 69 69 69 69 69 69 69 69 69 69 69 69 69 69 60 60
67 67 67 67 67 67 67 67 67 67 67 67 67 67 67 67 70 70 70 70 70 70 70 70 70 70 70 64 64 64 64 64 64 64 64 64 64 64 64 64 64 64 64 64 64 64 64 64 64 64 64 64 64 64 64 64 64 64 64 64 64 64 64 64 71 71 69 69 69 69 69 69 69 69 69 69 69 69 69 69 69 69 69 69 69 69 69 69 69 69 69 69 69 69 69 69 69 69 69 60
67 67 67 67 67 67 67 67 67 67 67 67 67 67 67 67 70 70 70 70 70 70 70 70 70 70 70 70 64 64 64 64 64 64 64 64 64 64 64 64 64 64 64 64 64 64 64 64 64 64 64 64 64 64 64 64 64 64 64 64 64 64 64 64 64 64 71 71 69 69 69 69 69 69 69 69 69 69 69 69 69 69 69 69 69 69 69 69 69 69 69 69 69 69 69 69 69 69 69 60
67 67 67 67 67 67 67 67 67 67 67 67 67 67 67 67 70 70 70 70 70 70 70 70 70 70 70 70 70 70 70 64 64 64 64 64 64 64 64 64 64 64 64 64 64 64 64 64 64 64 64 64 64 64 64 64 64 64 64 64 64 64 64 64 64 64 64 71 71 69 69 69 69 69 69 69 69 69 69 69 69 69 69 69 69 69 69 69 69 69 69 69 69 69 69 69 69 69 69 60
67 67 67 67 67 67 67 67 67 67 67 67 67 67 67 67 70 70 70 70 70 70 70 70 70 70 70 70 70 70 70 70 64 64 64 64 64 64 64 64 64 64 64 64 64 64 64 64 64 64 64 64 64 64 64 64 64 64 64 64 64 64 64 64 64 64 71 71 71 71 71 69 69 69 69 69 69 69 69 69 69 69 69 69 69 69 69 69 69 69 69 69 69 69 69 69 69 69 69 60
67 67 67 67 67 67 67 67 67 67 67 67 67 67 70 70 70 70 70 70 70 70 70 70 70 70 70 70 70 70 70 70 70 70 64 64 64 64 64 64 64 64 64 64 64 64 64 64 64 64 64 64 64 64 64 64 64 64 64 64 64 64 64 64 71 64 71 71 71 71 71 71 71 71 69 69 69 69 69 69 69 69 69 69 69 69 69 69 69 69 69 69 69 69 69 69 69 69 69 60
67 67 67 67 67 67 67 67 67 67 67 67 67 70 70 70 70 70 70 70 70 70 70 70 70 70 70 70 70 70 70 70 70 70 70 70 70 70 64 64 64 64 64 64 64 64 64 64 64 64 64 64 64 64 64 64 64 64 64 64 64 64 64 71 71 71 71 71 71 71 71 71 71 71 71 69 69 69 69 69 69 69 69 69 69 69 69 69 69 69 69 69 69 69 69 69 69 69 69 60
67 67 67 67 67 67 67 67 67 67 67 67 70 70 70 70 70 70 70 70 70 70 70 70 70 70 70 70 70 70 70 70 70 70 70 70 70 70 70 70 70 64 64 64 64 64 64 64 64 71 71 71 71 71 71 71 71 71 71 71 71 71 71 64 71 71 71 71 71 71 71 71 71 71 71 69 69 69 69 69 69 69 69 69 69 69 69 69 69 69 69 69 69 69 69 69 69 69 69 69
67 67 67 67 67 67 67 67 67 72 72 72 70 70 70 70 70 70 70 70 70 70 70 70 70 70 70 70 70 70 70 70 70 70 70 70 70 70 70 70 70 70 70 70 70 70 71 71 71 71 71 71 71 71 71 71 71 71 71 71 71 71 71 71 71 71 71 71 71 71 71 71 71 71 71 71 71 71 71 71 69 69 69 69 69 69 69 69 69 69 69 69 69 69 69 69 69 69 69 69
67 67 67 67 67 72 72 72 72 72 72 70 70 70 70 70 70 70 70 70 70 70 70 70 70 70 70 70 70 70 70 70 70 70 70 70 70 70 70 70 70 70 70 70 70 70 71 71 71 71 71 71 71 71 71 71 71 71 71 71 71 71 71 71 71 71 71 71 71 71 71 71 71 71 71 71 71 71 71 71 69 69 69 69 69 69 69 69 69 69 69 69 69 69 69 69 69 69 69 69
67 67 72 72 72 72 72 72 72 72 72 72 72 70 70 70 70 70 70 70 70 70 70 70 70 70 70 70 70 70 70 70 70 70 70 70 70 70 70 70 70 70 70 70 70 70 71 71 71 71 71 71 71 71 71 71 71 71 71 71 71 71 71 71 71 71 71 71 71 71 71 71 71 71 71 71 71 71 71 71 71 69 69 69 69 69 69 69 69 69 69 69 69 69 69 69 69 69 69 69
72 72 72 72 72 72 72 72 72 72 72 72 72 70 70 70 70 70 70 70 70 70 70 70 70 70 70 70 70 70 70 70 70 70 70 70 73 70 70 70 70 70 70 70 70 70 70 70 70 70 70 71 71 71 71 71 71 71 71 71 71 71 71 71 71 71 71 71 71 71 71 71 71 71 71 71 71 71 71 71 71 71 71 71 69 69 69 69 69 69 69 69 69 69 69 69 69 69 69 69
72 72 72 72 72 72 72 72 72 72 72 70 70 70 70 70 70 70 70 70 70 70 70 70 70 70 70 70 70 70 70 70 70 70 70 73 73 70 70 70 70 70 70 70 70 71 71 71 71 71 71 71 71 71 71 71 71 71 71 71 71 71 71 71 71 71 71 71 71 71 71 71 71 71 71 71 71 71 71 71 71 71 71 71 71 69 69 69 69 69 69 69 69 69 69 69 69 69 69 69
72 72 72 72 72 72 72 72 72 72 72 70 70 70 70 70 70 70 70 70 70 70 70 70 70 70 70 70 70 70 70 70 70 70 70 70 73 73 70 70 70 70 70 70 70 71 74 74 74 74 74 71 71 71 71 71 71 71 71 71 71 71 71 71 71 71 71 71 71 71 71 71 71 71 71 71 71 71 71 71 71 71 71 71 71 71 71 71 69 69 69 69 69 69 69 69 69 69 69 69
