1 1 2 2 2 2 2 2 2 2 1 1 1 1 1 1 1 1 1 1 1 1 1 1 1 1 1 3 3 3 3 3 3 3 3 3 3 3 3 3 3 3 3 3 3 3 3 3 3 3 3 3 4 4 4 4 4 4 4 3 3 5 5 5 5 5 5 5 5 5 5 5 5 5 5 5 5 5 5 5 5 5 5 5 5 5 5 5 5 5 6 6 6 6 6 6 6 6 6 6
1 1 2 2 2 2 2 2 2 2 2 2 1 1 1 1 1 1 1 1 1 1 1 1 1 1 1 3 3 3 3 3 3 3 3 3 3 3 3 3 3 3 3 3 3 3 3 3 3 3 3 3 3 3 4 4 3 3 3 3 3 3 3 5 5 3 3 3 5 5 7 5 5 5 5 5 5 5 5 5 5 5 5 5 5 5 5 5 5 5 5 6 6 6 6 6 6 6 6 6
1 1 2 1 1 1 2 2 2 2 2 2 1 1 1 1 1 1 1 1 1 1 1 1 1 3 3 3 3 8 8 8 3 3 3 3 3 3 3 3 3 3 3 3 3 3 3 3 3 3 3 3 3 3 4 4 4 3 3 3 3 3 3 3 3 3 3 3 5 7 7 5 5 5 5 5 5 5 5 5 5 5 5 5 5 5 5 5 5 5 5 5 5 5 6 6 6 6 6 6
1 1 1 1 1 1 2 2 2 2 2 2 1 1 1 1 1 1 1 1 1 1 1 1 1 3 3 3 3 3 3 8 3 3 3 3 3 3 3 3 3 3 3 8 8 3 3 3 3 8 8 8 8 3 3 3 3 3 3 3 3 3 3 3 7 7 7 7 7 7 9 7 7 7 7 7 7 5 5 5 5 5 5 5 5 5 5 5 5 5 5 5 5 5 5 5 6 6 6 6
1 1 1 1 1 1 2 2 1 1 2 1 1 1 1 1 1 1 1 1 1 1 1 1 10 8 8 3 8 3 3 8 3 3 3 3 3 3 3 3 3 8 8 8 8 3 3 3 3 3 3 8 8 3 3 3 8 8 3 3 3 3 3 3 3 7 7 7 7 7 7 7 7 7 7 7 7 7 5 5 5 5 5 5 5 5 5 5 5 5 5 5 5 5 5 5 5 5 6 6
1 1 1 1 2 2 2 1 1 1 2 1 1 1 1 1 1 1 1 1 1 1 1 8 10 8 8 3 8 8 8 8 8 3 3 3 3 3 3 3 3 8 8 8 8 8 3 3 3 8 8 8 8 3 3 8 8 3 3 3 3 3 3 3 7 7 7 7 7 7 7 7 7 7 7 7 7 7 7 7 5 5 5 5 5 5 5 5 5 5 5 5 5 5 5 5 5 5 5 6
1 1 1 1 2 1 1 1 1 1 1 1 1 1 1 1 1 1 1 1 1 1 1 8 8 8 8 8 8 8 8 8 8 3 8 3 3 3 3 3 3 8 8 8 8 8 3 8 8 8 8 8 8 8 8 8 8 8 3 3 3 3 3 3 3 3 7 7 7 7 7 7 7 7 7 7 7 7 7 7 7 7 5 5 5 5 5 5 5 5 5 5 5 5 5 5 5 5 5 6
1 1 1 2 2 2 1 1 1 1 1 1 1 1 1 1 1 1 1 1 1 1 8 8 8 8 8 8 8 8 8 8 8 8 8 8 8 3 8 3 3 8 11 11 8 8 8 8 8 8 8 8 8 8 8 8 8 8 8 3 3 3 3 3 3 3 7 7 7 7 7 7 7 7 7 7 7 7 7 7 7 7 7 5 5 5 5 5 5 5 5 5 5 5 5 5 5 5 5 6
1 1 1 2 2 2 1 1 1 1 1 1 1 1 1 1 1 1 1 1 1 1 1 8 8 8 8 8 8 8 8 8 8 8 8 8 8 8 8 8 8 8 11 11 11 8 8 8 8 8 8 8 8 8 8 8 8 8 8 3 3 3 3 3 3 3 7 7 7 7 7 7 7 7 7 7 7 7 7 7 7 7 7 7 7 7 7 7 7 5 5 5 5 5 5 5 5 5 5 6
1 1 1 2 12 2 2 2 1 1 1 1 1 1 1 1 1 1 1 1 1 1 1 8 8 8 8 8 8 8 8 8 8 8 8 8 8 8 8 8 13 8 11 11 11 8 8 8 8 8 8 8 8 8 8 8 8 8 8 3 3 3 3 3 3 7 7 7 7 7 7 7 7 7 7 7 7 7 7 7 7 7 7 7 7 7 7 7 7 7 7 5 5 5 5 5 5 5 5 5
1 1 1 2 2 1 1 1 1 1 1 1 1 1 1 1 1 1 1 1 1 1 1 8 8 8 8 8 8 8 8 8 8 8 8 8 11 11 11 11 14 11 11 11 11 8 8 8 8 8 8 8 8 8 8 8 8 8 3 3 3 3 7 7 7 7 7 7 7 7 7 7 7 7 7 7 7 7 7 7 7 7 7 7 7 7 7 7 7 7 15 15 5 5 5 5 5 5 5 5
1 1 1 2 1 1 1 1 1 1 1 1 1 1 1 1 1 1 1 1 1 1 16 11 8 8 8 8 8 8 8 8 8 8 8 8 11 11 11 11 14 11 11 11 11 11 11 11 11 11 11 11 8 8 8 8 8 8 3 3 7 7 7 7 7 7 7 7 7 7 7 7 7 7 7 7 7 7 7 7 7 7 7 7 7 7 7 7 15 15 15 15 15 15 15 5 5 5 5 5
1 1 1 1 1 1 1 1 1 1 1 1 1 1 1 1 1 1 1 1 16 16 16 11 11 11 11 8 8 8 8 8 8 8 8 11 11 11 11 11 11 11 11 11 11 11 11 11 11 11 11 8 8 8 8 8 8 8 8 7 7 7 7 7 7 7 7 7 7 7 7 7 7 7 7 7 7 7 7 7 7 7 7 7 7 7 7 15 15 15 15 15 15 15 15 15 5 5 5 5
1 1 1 1 1 1 1 1 1 1 1 1 1 1 1 1 1 1 16 16 16 16 16 11 11 11 11 8 11 11 11 8 8 8 8 11 11 11 11 11 11 11 11 11 11 11 11 11 11 11 11 8 8 8 8 8 8 8 8 7 7 7 7 7 7 7 7 7 7 7 7 7 7 7 7 7 7 7 7 7 7 7 7 7 7 7 7 15 15 15 15 15 15 15 15 15 5 5 5 5
1 1 1 1 1 1 1 1 1 1 1 1 1 1 1 1 1 1 1 16 16 16 16 16 16 11 11 11 11 11 11 8 8 8 8 11 11 11 11 11 11 11 11 11 11 11 11 11 11 11 11 11 8 8 8 8 8 8 8 7 7 7 7 7 7 7 7 7 7 7 7 7 7 7 7 7 7 7 7 7 7 7 7 7 7 7 7 15 15 15 15 15 15 15 15 5 5 5 5 5
1 1 1 1 1 1 1 1 1 1 1 1 1 1 1 1 1 1 1 1 1 16 16 16 11 11 11 11 11 11 11 11 11 8 11 11 11 11 11 11 11 11 11 11 11 11 11 11 11 11 11 11 11 8 8 8 8 8 11 7 7 7 7 7 7 7 7 7 7 7 7 7 7 7 7 7 7 7 7 7 7 7 7 7 7 7 7 15 15 15 15 15 15 15 15 5 5 5 5 5
1 1 1 1 1 1 1 1 1 1 1 1 1 1 1 1 1 1 1 16 16 16 16 16 16 11 11 11 11 11 11 11 11 8 11 11 11 11 11 11 11 11 11 11 11 11 11 11 11 11 11 11 11 8 8 11 8 11 11 7 7 7 7 7 7 7 7 7 7 7 7 7 7 7 7 7 7 7 7 7 7 7 7 7 7 7 7 15 15 15 15 15 15 15 5 5 5 5 5 5
1 1 1 1 1 1 1 1 1 1 1 1 1 1 1 1 1 1 1 16 16 16 16 16 17 16 16 16 11 11 11 11 11 11 11 11 11 11 11 11 11 11 11 11 11 11 11 11 11 11 11 11 11 11 8 11 11 11 11 7 7 7 7 7 7 7 7 7 7 7 7 7 7 7 7 7 7 7 7 7 7 7 7 7 7 7 7 7 15 15 15 15 15 18 18 18 18 18 18 5
19 1 1 1 1 1 1 1 1 1 1 1 1 1 1 1 1 1 1 1 1 16 16 16 16 16 11 16 16 16 11 11 11 11 11 20 20 11 11 11 11 11 11 11 11 11 11 11 11 11 11 11 11 11 11 11 11 11 11 7 7 7 7 7 7 7 7 7 7 7 7 7 7 7 7 7 7 7 7 7 7 7 7 7 7 7 7 7 15 18 18 18 18 18 18 18 18 18 18 5
19 19 19 19 1 1 1 1 1 1 1 1 1 1 1 1 1 1 1 1 1 16 16 16 16 16 11 11 11 16 11 11 11 16 16 11 11 11 11 11 11 11 11 11 11 11 11 11 11 11 11 21 21 21 11 11 11 11 11 7 7 7 7 7 7 7 7 7 7 7 7 7 7 7 7 7 7 7 7 7 7 7 7 7 7 7 7 7 15 15 22 22 22 22 22 22 22 22 22 5
23 19 19 19 1 1 1 1 1 1 1 1 1 24 24 1 1 1 1 16 16 16 16 25 25 16 16 11 11 11 11 16 16 16 16 11 11 11 11 11 11 11 11 11 11 11 11 11 11 11 11 21 21 21 21 11 11 11 11 7 7 7 7 7 7 7 7 7 7 7 7 7 7 7 7 7 7 7 7 7 7 7 7 7 7 7 7 15 15 15 22 22 22 22 22 22 22 22 22 5
19 19 19 19 19 19 1 1 1 1 1 1 19 1 1 1 1 1 1 1 16 16 16 25 25 25 25 16 11 11 11 11 16 16 16 16 11 11 11 11 11 11 11 11 11 11 11 11 11 11 21 21 21 21 21 11 11 11 11 7 7 7 7 7 7 7 7 7 7 7 7 7 7 7 7 7 7 7 7 7 7 7 7 7 7 7 7 15 15 22 22 22 22 22 22 22 22 22 22 5
19 19 19 19 19 19 19 19 19 19 1 1 19 19 1 1 1 1 1 1 16 16 16 25 25 25 25 16 11 11 11 11 11 16 16 11 11 11 11 11 11 11 11 11 11 11 11 11 11 26 26 26 26 26 26 11 26 26 26 26 26 26 26 26 26 26 26 26 26 26 26 26 26 26 26 26 26 26 26 26 26 26 26 26 26 26 26 15 22 22 22 22 22 22 22 22 22 22 22 5
19 19 19 19 19 19 19 19 19 19 19 19 19 19 1 19 19 1 1 16 16 16 25 25 25 25 25 16 16 11 11 11 11 16 16 11 16 16 11 16 16 16 11 11 11 11 11 11 26 26 26 26 26 26 11 11 11 26 26 26 26 26 26 26 26 26 26 26 26 26 26 26 26 26 26 26 26 26 26 26 26 26 26 26 26 26 26 15 22 22 22 22 22 22 22 22 22 22 22 5
19 19 19 19 19 19 19 19 19 19 19 19 19 19 19 19 19 19 19 19 16 16 16 16 16 16 16 16 16 11 11 11 16 16 16 16 16 16 16 16 16 16 16 11 16 16 11 11 26 16 26 26 26 26 26 26 11 11 11 11 26 26 26 26 26 26 26 26 26 26 26 26 26 26 26 26 26 26 26 26 26 26 26 26 26 26 26 15 22 22 22 22 22 22 22 22 22 22 22 5
19 19 19 19 19 19 19 19 19 19 19 19 19 19 19 19 19 19 19 19 16 16 16 16 16 16 16 16 16 11 16 16 16 16 16 16 16 16 16 16 16 16 16 16 16 16 11 16 16 16 26 26 26 26 26 11 11 11 11 11 11 11 11 11 26 26 26 26 26 26 26 26 26 26 26 26 26 26 26 26 26 26 26 26 26 26 26 15 22 22 22 22 22 22 22 22 22 22 22 5
19 19 19 19 19 19 19 19 19 19 19 19 19 19 19 19 19 19 19 16 16 16 16 16 16 16 16 16 16 16 16 16 16 16 16 16 16 16 16 16 16 16 16 16 16 16 16 16 16 16 26 26 26 26 26 11 11 11 11 11 11 11 11 11 26 26 26 26 26 26 26 26 26 26 26 26 26 26 26 26 26 26 26 26 26 26 15 15 22 22 22 22 22 22 22 22 22 22 22 5
19 19 19 19 19 19 19 19 19 19 19 16 16 16 16 19 19 19 19 19 19 16 16 16 16 16 16 16 16 16 16 16 16 16 16 16 16 16 16 16 16 16 16 16 16 16 26 26 26 26 26 26 26 26 11 11 26 26 26 11 11 11 11 11 11 11 26 26 26 26 26 26 26 26 26 26 26 26 26 26 26 26 26 26 26 26 15 22 22 22 22 22 22 22 22 22 22 22 22 5
19 19 19 19 19 19 19 19 19 19 19 16 16 16 16 16 19 19 19 19 19 16 16 16 16 16 16 16 16 16 16 16 16 16 16 16 16 16 16 26 16 16 16 16 16 16 26 26 26 26 26 26 26 26 26 26 26 26 26 11 11 11 11 11 11 11 11 11 26 26 26 26 26 26 26 26 26 26 26 26 26 26 26 26 26 15 15 22 22 22 22 22 22 22 22 22 22 22 22 5
19 19 19 19 19 19 19 19 19 19 19 19 19 16 16 16 16 16 19 19 19 19 16 16 16 16 16 16 16 16 16 16 16 16 16 16 16 16 26 26 16 16 16 26 16 16 16 26 26 26 26 26 26 26 26 26 26 26 26 11 11 11 11 11 11 11 11 11 26 26 26 26 26 26 26 26 26 26 26 26 26 26 26 26 26 15 15 22 22 22 22 22 22 22 22 22 22 22 22 5
19 19 19 19 19 19 19 19 19 19 19 19 19 16 16 16 16 16 16 16 19 16 16 16 16 16 16 16 16 16 16 16 16 27 16 16 16 16 16 26 26 26 26 26 26 26 26 26 26 26 26 26 26 26 26 26 26 26 26 26 26 26 26 26 26 26 26 26 26 26 26 26 26 26 26 26 26 26 26 26 26 26 26 26 26 15 15 22 22 22 22 22 22 22 22 22 22 22 22 5
19 19 19 19 19 19 19 19 19 19 19 19 19 16 16 16 16 16 16 16 16 16 16 16 16 16 16 16 16 16 28 16 29 16 16 16 16 16 16 16 16 26 26 26 26 26 26 16 26 26 26 26 26 26 26 26 26 26 26 26 26 26 26 26 26 26 26 26 26 26 26 26 26 26 26 26 26 26 26 26 26 26 26 26 26 15 15 15 15 22 22 22 15 22 22 22 22 22 22 5
19 30 30 30 19 19 19 19 19 19 19 19 19 19 19 16 16 16 16 16 16 16 16 16 16 16 16 16 16 28 28 28 16 16 16 16 16 16 16 16 16 16 16 16 16 16 16 16 16 16 26 26 26 26 26 26 26 26 26 26 26 26 26 26 26 26 26 26 26 26 26 26 26 26 26 26 26 26 26 26 26 26 26 26 26 15 15 15 15 15 15 15 15 15 22 22 22 22 22 5
19 30 30 30 19 19 19 19 19 19 19 19 19 19 19 19 16 16 16 16 16 16 16 16 16 16 16 16 16 16 28 28 16 16 16 16 16 16 16 16 16 16 16 16 16 16 16 16 16 16 16 16 16 16 16 16 26 26 26 26 26 26 26 26 26 26 26 26 26 26 26 26 26 26 26 26 26 26 26 26 26 26 26 26 26 15 22 22 22 22 15 22 22 22 22 22 22 22 22 5
19 30 30 19 19 19 19 19 19 19 19 19 19 19 19 19 16 16 16 16 16 16 16 16 16 16 16 16 16 16 28 28 16 16 16 16 16 28 16 16 16 16 16 16 16 16 16 16 16 16 16 16 16 16 16 16 16 16 16 16 16 16 26 26 26 26 26 26 26 26 26 26 26 26 26 26 26 26 26 26 26 26 26 26 15 15 22 22 22 22 22 22 22 22 22 22 22 22 22 5
30 30 30 30 19 19 19 31 19 19 19 19 16 19 19 19 16 16 16 16 16 16 16 16 16 16 16 16 16 16 28 28 28 16 16 28 28 28 16 16 16 16 16 16 16 16 16 16 16 16 16 16 16 16 16 16 16 16 16 16 16 16 16 16 16 16 16 16 16 26 26 26 26 26 26 26 26 26 26 26 26 26 26 26 15 15 22 22 22 22 22 22 22 22 22 22 22 22 22 5
30 30 30 19 19 16 16 19 19 19 19 19 16 19 19 19 19 16 16 16 16 16 16 16 16 16 16 16 16 16 28 28 28 28 28 28 28 28 28 28 28 28 16 16 16 16 16 16 16 16 16 16 16 16 16 16 16 16 16 16 16 16 16 16 16 16 16 26 26 26 26 26 26 26 26 26 26 26 26 26 26 26 26 26 15 22 22 22 22 22 22 22 22 22 22 22 22 22 22 5
30 30 30 30 19 16 16 16 19 16 16 16 16 19 16 19 19 16 16 16 16 16 16 16 16 16 16 16 16 28 28 28 28 28 28 28 28 28 28 28 28 28 28 28 28 28 16 16 16 16 16 16 16 16 16 16 16 16 16 16 16 16 16 16 16 16 16 26 26 26 26 26 26 26 26 26 26 26 26 26 26 26 26 26 15 22 22 22 22 22 22 22 22 22 22 22 22 22 22 22
32 32 32 30 30 32 16 16 16 16 16 16 19 19 16 19 19 16 16 16 16 16 16 16 16 16 16 16 16 28 28 28 28 28 28 28 28 28 28 28 28 28 28 28 28 28 28 28 28 16 16 16 16 16 16 16 16 16 16 16 16 16 16 16 16 16 16 16 16 16 26 26 26 26 26 26 26 26 26 26 26 26 26 26 15 22 22 22 22 22 22 22 22 22 22 22 22 22 22 22
32 32 32 32 32 32 32 16 16 16 16 16 16 19 16 16 19 16 16 16 16 16 16 16 16 16 16 16 16 16 16 28 28 28 28 28 28 28 28 28 28 28 28 28 28 28 28 28 16 16 33 33 33 33 33 33 33 16 16 16 16 16 16 16 16 16 16 16 26 26 26 26 26 26 26 26 26 26 26 26 26 26 15 15 15 15 15 22 22 22 22 22 22 22 22 22 22 22 22 22
32 32 32 32 32 32 32 32 32 16 16 16 16 16 16 16 16 16 16 16 16 16 16 16 16 16 16 16 16 16 16 16 16 28 28 28 28 28 28 28 28 28 28 28 28 28 28 28 16 16 33 33 33 33 33 33 33 33 33 33 33 33 33 33 33 16 26 26 26 26 26 26 26 26 26 26 26 26 26 26 15 15 15 15 15 15 15 15 15 15 15 15 22 22 22 22 22 22 22 22
32 32 32 32 32 32 32 32 32 32 32 16 16 16 16 16 16 16 16 16 16 16 16 16 16 16 16 16 16 16 16 16 16 16 28 28 28 28 28 28 28 28 28 28 28 28 28 28 33 33 33 33 33 33 33 33 33 33 33 33 33 33 33 33 33 16 26 26 26 26 26 26 26 26 26 26 26 26 26 26 26 15 15 15 15 15 15 15 15 15 15 15 15 22 15 15 15 15 22 22
32 32 32 32 32 32 32 32 32 32 32 16 16 32 32 32 32 32 16 16 16 16 16 16 16 16 16 16 16 16 16 28 28 16 16 28 28 28 28 28 28 28 28 28 28 28 28 28 33 33 33 33 33 33 33 33 33 33 33 33 33 33 33 33 33 16 26 26 26 26 26 26 26 26 26 26 26 26 26 26 26 26 26 26 15 15 15 15 15 15 15 15 15 15 15 15 15 15 15 15
32 32 32 32 32 32 32 34 32 35 32 32 32 32 32 32 32 32 16 16 16 16 16 16 16 16 16 16 16 16 16 28 28 28 16 16 28 28 28 28 28 28 28 28 28 28 28 28 28 28 33 33 33 33 33 33 33 33 33 33 33 33 33 33 33 16 26 26 26 26 26 26 26 26 26 26 26 26 26 26 26 26 26 26 26 26 15 15 15 15 15 15 15 15 15 15 15 15 15 15
32 32 32 32 32 32 36 32 32 32 36 36 32 32 32 32 32 32 32 37 16 16 28 16 16 16 16 16 16 16 16 28 28 28 16 16 28 16 16 28 28 28 28 28 28 28 28 28 28 28 33 33 33 33 33 33 33 33 33 33 33 33 33 33 33 26 26 26 26 26 26 26 26 26 26 26 26 26 26 26 26 26 26 26 26 26 15 15 15 15 15 15 15 15 15 15 15 15 15 15
32 32 32 32 32 32 36 36 36 32 36 32 32 32 32 32 37 37 37 37 16 16 28 28 28 28 16 16 16 16 16 28 28 28 28 16 16 16 16 28 28 28 28 28 28 28 28 28 28 28 33 33 33 33 33 33 33 33 33 33 33 33 33 33 33 26 26 26 26 26 26 26 26 26 26 26 26 26 26 26 26 26 26 26 26 26 26 26 26 15 15 15 15 15 15 15 15 15 15 15
32 32 32 32 38 38 32 36 36 36 36 32 36 36 32 37 37 37 37 37 39 28 28 28 28 28 28 28 28 16 28 28 28 28 28 28 28 28 28 28 28 28 28 28 28 28 28 28 33 33 33 33 33 33 33 33 33 33 33 33 33 33 33 33 33 26 26 26 26 26 26 26 26 26 26 26 26 26 26 26 26 26 26 26 26 15 15 15 26 26 15 15 15 15 15 15 15 15 15 15
32 32 32 32 32 32 32 36 36 36 40 36 36 36 32 37 37 39 39 39 39 39 28 28 28 28 28 28 28 28 28 28 28 28 28 28 28 28 28 28 28 28 28 28 28 28 33 33 33 33 33 33 33 33 33 33 33 33 33 33 33 33 33 33 33 26 26 26 26 26 26 26 26 26 26 26 26 26 26 26 26 26 26 15 15 15 15 15 15 15 15 15 15 15 15 15 15 15 15 15
32 32 32 32 32 32 36 36 36 36 40 36 36 36 32 37 37 39 39 39 39 39 28 28 28 28 28 41 41 41 41 28 28 28 28 28 28 28 28 28 28 28 28 28 28 28 33 33 33 33 33 33 33 33 33 33 33 33 33 33 33 33 33 33 26 26 26 26 26 26 26 26 26 26 26 26 26 26 26 26 26 26 26 26 26 26 15 15 15 15 15 15 15 15 15 15 15 15 15 15
42 42 32 32 32 32 36 36 36 36 40 36 36 39 37 37 39 39 39 39 39 39 28 28 28 28 28 41 43 43 43 44 28 28 28 28 28 28 28 28 28 28 28 28 33 33 33 33 33 33 33 33 33 33 33 33 33 33 33 33 33 33 33 33 45 26 26 26 26 26 26 26 26 26 26 26 26 26 26 26 26 26 26 26 26 26 26 26 26 26 26 15 15 15 15 15 15 15 15 15
42 32 32 32 42 42 46 46 46 36 36 36 36 39 39 39 39 39 39 39 39 39 28 28 28 28 28 28 47 43 43 43 48 48 48 28 28 28 28 28 28 28 28 28 33 33 33 33 33 33 33 33 33 33 33 33 33 33 33 33 33 33 33 33 45 26 26 26 26 26 26 26 26 26 26 26 26 26 26 26 26 26 26 26 26 26 26 26 26 26 26 26 26 26 26 26 15 15 15 15
42 42 42 42 42 46 46 46 46 36 36 36 36 39 39 39 39 39 36 39 39 39 28 28 28 28 28 28 47 47 43 48 48 28 28 28 28 28 28 28 28 33 33 33 33 33 33 33 33 33 33 33 33 33 33 33 33 33 33 33 33 33 33 33 45 45 45 45 26 26 26 26 26 26 26 26 26 26 26 26 26 26 26 26 26 26 26 26 26 26 26 26 26 26 26 26 26 15 15 15
42 42 42 42 42 46 36 36 46 36 36 36 36 36 36 39 39 39 36 39 39 28 49 28 28 28 28 28 28 28 48 48 48 28 28 28 28 50 50 50 28 28 33 33 33 33 33 33 33 33 33 33 33 33 33 33 33 33 33 33 33 33 33 45 45 45 45 45 51 51 51 51 51 51 51 51 51 51 51 51 51 51 51 51 51 51 51 51 51 51 51 51 51 51 51 51 51 51 51 15
52 42 42 42 42 53 36 36 36 36 36 36 36 36 36 36 39 36 36 36 36 28 28 28 28 28 28 28 28 54 55 48 48 48 28 28 28 28 28 50 28 28 28 33 28 28 33 33 33 33 33 33 33 33 33 33 33 33 33 33 33 33 33 33 45 45 45 45 45 51 51 51 51 51 51 51 51 51 51 51 51 51 51 51 51 51 51 51 51 51 51 51 51 51 51 51 51 51 51 15
42 42 42 42 56 36 36 36 36 36 36 36 36 36 36 36 36 36 36 36 36 28 28 28 28 28 28 57 57 58 48 48 28 28 28 28 28 28 28 28 59 28 28 28 28 28 28 28 33 33 33 33 33 33 33 33 33 33 33 33 33 33 33 33 33 33 45 45 51 51 51 51 51 51 51 51 51 51 51 51 51 51 51 51 51 51 51 51 51 51 51 51 51 51 51 51 51 51 51 15
56 56 56 56 56 56 56 36 36 36 36 36 36 36 36 36 36 36 36 36 36 28 28 28 28 28 28 57 57 57 60 48 28 59 59 59 59 59 59 28 59 59 28 28 28 28 28 28 33 33 33 33 33 33 33 33 33 33 33 33 33 33 33 33 33 33 45 45 45 51 51 45 51 51 51 51 51 51 51 51 51 51 51 51 51 51 51 51 51 51 51 51 51 51 51 51 51 15 15 15
56 56 56 56 56 56 56 56 56 36 36 36 36 36 36 36 36 36 36 36 36 28 28 28 36 36 36 36 57 57 60 60 59 59 59 59 59 59 59 59 59 59 59 28 28 28 33 33 33 33 33 33 33 33 33 33 33 33 33 33 33 33 33 33 33 33 33 33 45 51 45 45 45 51 51 45 51 51 51 51 51 51 51 51 51 51 51 51 51 51 51 51 51 15 15 15 15 15 15 15
56 56 56 56 56 56 56 56 36 36 56 56 36 36 36 36 36 36 36 36 36 36 36 36 36 61 36 36 62 62 60 60 60 63 63 63 63 63 63 63 63 63 63 63 63 63 63 63 33 33 33 33 33 33 33 33 33 33 33 33 33 33 45 45 45 33 33 45 45 45 45 45 45 45 45 45 51 51 51 51 51 51 51 51 51 51 51 51 51 51 64 64 64 64 64 64 64 64 64 64
56 56 56 56 56 56 56 56 56 56 56 36 36 36 36 36 36 36 36 36 36 36 36 36 61 61 61 36 65 62 62 60 60 63 63 63 63 63 63 63 63 63 63 63 63 63 63 63 63 63 63 63 63 63 33 33 33 33 33 33 33 33 45 45 45 45 45 45 45 45 45 45 45 45 45 45 45 51 51 51 51 51 66 64 64 64 64 64 64 64 64 64 64 64 64 64 64 64 64 64
56 56 56 56 56 56 56 56 56 56 56 56 56 36 36 36 36 36 36 36 36 36 36 36 61 61 61 61 67 68 62 62 62 61 61 63 63 63 63 63 63 63 63 63 63 63 63 63 63 63 63 63 63 63 63 63 63 63 63 63 63 63 45 45 45 45 45 45 45 45 45 45 45 45 45 45 45 51 45 45 66 66 66 66 66 66 66 66 66 66 66 66 66 66 64 64 64 64 64 64
56 56 56 56 56 56 56 56 56 56 56 56 56 36 36 36 36 36 36 36 36 36 36 36 61 61 61 61 61 69 62 61 61 61 63 63 63 61 63 63 63 63 63 63 63 63 63 63 63 63 63 63 63 63 63 45 45 45 63 63 63 63 45 45 45 45 45 45 45 45 45 45 45 45 45 45 45 51 45 66 66 66 66 66 66 66 66 66 66 66 66 66 66 66 66 66 66 66 66 66
56 56 56 56 56 56 56 56 56 56 56 56 56 36 36 36 36 36 36 36 36 61 61 61 61 61 61 61 61 69 61 61 61 61 61 61 63 61 63 63 63 63 63 63 63 63 63 63 63 63 63 63 63 63 63 63 45 45 45 45 45 45 45 45 45 45 45 45 45 45 45 45 45 45 45 45 45 45 45 45 66 66 66 66 66 66 66 66 66 66 66 66 66 66 66 66 66 66 66 66
56 56 56 56 56 56 56 56 56 56 56 56 56 36 36 36 36 36 36 36 36 61 61 61 61 61 61 61 61 69 61 61 61 61 61 61 61 61 63 63 63 63 63 63 63 63 63 63 63 63 63 63 63 63 63 63 63 45 45 45 45 45 45 45 45 45 45 45 45 45 45 45 45 45 45 45 45 45 45 45 66 66 66 66 66 66 66 66 66 66 66 66 66 66 66 66 66 66 66 66
56 56 56 56 56 56 56 56 56 56 56 56 36 36 36 36 36 36 36 36 36 61 61 61 61 61 61 61 61 69 61 61 61 61 61 61 61 61 61 63 63 63 63 63 63 63 63 63 45 45 45 45 63 63 63 63 63 63 45 45 45 45 45 45 45 45 45 45 45 45 45 45 45 45 45 45 45 45 45 45 45 66 66 66 66 66 66 66 66 66 66 66 66 66 66 66 66 66 66 66
56 56 56 56 56 56 56 56 56 56 56 56 36 36 56 56 36 36 36 36 36 36 61 61 61 61 61 61 61 61 61 61 61 61 61 61 61 61 61 61 63 61 61 61 63 45 45 45 45 45 45 45 45 45 45 45 45 45 45 45 45 45 45 45 45 45 45 45 45 45 45 45 45 45 45 45 45 45 45 45 45 66 66 66 66 66 66 66 66 66 66 66 66 66 66 66 66 66 66 66
56 70 56 56 56 56 56 56 56 56 56 56 56 56 56 56 36 36 36 36 36 61 61 61 61 61 61 61 61 61 61 61 61 61 61 61 61 61 61 61 61 61 61 61 61 71 45 45 45 45 45 45 45 45 45 45 45 45 45 45 45 45 45 45 45 45 45 45 45 45 45 45 45 45 45 45 45 45 45 45 45 66 66 66 66 66 66 66 66 66 66 66 66 66 66 66 66 66 66 66
56 70 70 70 56 56 56 56 56 56 56 56 56 36 36 36 36 36 36 61 61 61 61 61 72 72 61 72 72 61 61 61 61 61 61 61 61 61 61 61 61 61 61 61 61 45 45 45 45 45 45 45 45 45 45 45 45 45 45 45 45 45 45 45 45 45 45 45 45 45 45 45 45 45 45 45 45 45 66 45 45 66 66 66 66 66 66 66 66 66 66 66 66 66 66 66 66 66 66 66
56 70 70 70 56 56 56 56 56 56 56 56 36 36 36 36 56 36 61 61 61 61 61 72 72 72 61 72 72 72 61 61 61 61 61 61 61 61 61 61 61 61 61 61 61 61 45 45 45 45 45 45 45 45 45 45 45 45 45 45 45 45 45 45 45 45 45 45 45 45 45 45 45 45 45 45 45 45 66 66 66 66 66 66 66 66 66 66 66 66 66 66 66 66 66 66 66 66 66 66
70 73 73 70 70 56 56 70 70 56 56 56 56 36 36 36 56 56 74 74 75 72 72 72 72 72 61 72 61 61 61 61 61 61 61 61 61 61 61 61 61 61 61 61 61 61 45 45 45 45 45 45 45 45 45 45 45 45 45 45 45 45 45 45 45 45 45 45 45 45 45 45 45 45 45 45 45 45 66 66 66 66 66 66 66 66 66 66 66 66 66 66 66 66 66 66 66 66 66 66
70 70 70 70 70 56 70 70 56 56 56 56 56 56 56 36 36 56 56 56 72 72 72 72 72 72 72 72 72 61 61 61 61 61 61 61 61 61 61 61 61 61 61 61 61 61 61 61 45 45 45 45 45 45 45 45 45 45 45 45 45 45 45 45 45 45 45 45 45 45 45 45 45 45 45 45 45 45 66 66 66 66 66 66 66 66 66 66 66 66 66 66 66 66 66 66 66 66 66 66
70 70 70 70 70 70 70 56 56 56 56 56 56 56 56 56 56 56 56 72 72 56 56 72 72 72 72 72 72 61 61 61 61 61 61 61 61 61 61 61 61 61 61 61 61 61 61 61 61 45 45 45 45 45 45 45 45 45 45 45 45 45 45 45 45 45 45 45 45 45 45 45 45 45 45 45 45 45 66 66 66 66 66 66 66 66 66 66 66 66 66 66 66 66 66 66 66 66 66 66
70 70 70 70 70 56 56 56 56 56 56 56 56 56 56 56 56 56 56 72 72 56 56 72 72 72 72 72 72 61 61 61 61 61 61 61 61 61 61 61 61 61 61 61 61 61 61 61 61 61 61 45 45 45 45 45 45 45 45 45 45 45 45 45 45 45 45 45 45 45 45 45 45 45 45 45 45 45 66 66 66 66 66 66 66 66 66 66 66 66 66 66 66 66 66 66 66 66 66 66
70 70 70 70 70 56 56 56 56 56 56 56 56 56 56 56 56 56 56 56 56 56 56 56 72 61 72 61 61 61 61 61 61 61 61 61 61 61 61 61 61 61 61 61 61 61 61 61 61 61 61 61 61 45 45 45 45 45 45 45 45 45 45 45 45 45 45 45 45 45 45 45 45 45 45 45 45 45 66 66 66 66 66 66 66 66 66 66 66 66 66 66 66 66 66 66 66 66 66 66
70 70 70 70 56 56 56 56 56 56 56 56 56 56 56 56 56 56 56 56 56 76 76 56 72 61 61 61 61 61 61 61 61 61 61 61 61 61 61 61 61 61 61 61 61 61 61 61 61 61 61 61 61 61 45 45 45 45 45 45 77 77 45 45 45 45 45 45 45 45 45 45 45 45 45 45 45 45 66 66 66 66 66 66 66 66 66 66 66 66 66 66 66 66 66 66 66 66 66 66
70 70 70 70 56 56 56 56 56 56 56 56 56 56 56 56 56 56 56 56 56 76 76 76 61 61 61 61 61 61 61 61 61 61 61 61 61 61 61 61 61 61 61 61 61 61 61 61 61 61 61 61 61 61 61 45 45 45 45 45 77 77 77 45 45 45 45 45 45 45 45 45 45 45 45 45 45 45 45 45 66 66 66 66 66 66 66 66 66 66 66 66 66 66 66 66 66 66 66 66
70 70 70 56 56 56 56 56 56 56 56 56 56 56 56 56 56 56 56 56 56 56 56 56 61 61 61 61 61 61 61 61 61 61 61 61 61 61 61 61 61 61 61 61 61 61 61 61 61 61 61 61 61 61 45 45 45 45 45 45 77 77 45 45 45 45 45 45 45 45 45 45 45 45 45 45 45 45 45 45 66 66 66 66 66 66 66 66 66 66 66 66 66 66 66 66 66 66 66 78
70 70 70 56 56 56 56 56 56 56 56 56 56 56 56 56 56 56 56 56 56 56 56 61 61 61 61 61 61 61 61 61 61 61 61 61 61 61 61 61 61 61 61 61 61 61 61 61 61 61 61 61 61 61 45 45 45 45 77 77 77 77 45 45 45 45 45 45 45 45 45 45 45 45 45 45 45 45 45 45 66 66 66 66 66 66 66 66 66 66 66 66 66 66 66 66 66 66 66 78
70 70 70 56 56 56 56 56 56 56 56 56 56 56 56 56 56 56 56 56 56 56 61 61 61 61 61 61 56 61 61 61 61 61 61 61 61 61 61 79 79 61 61 61 79 79 79 61 79 61 61 61 61 61 45 45 45 45 45 77 77 45 45 77 77 77 45 45 45 45 45 45 45 45 45 45 45 45 80 45 66 66 66 66 66 66 66 66 66 66 66 66 66 66 66 66 66 66 66 78
70 70 56 81 56 56 56 56 56 56 56 56 56 56 56 56 56 56 56 56 56 56 56 56 56 61 56 56 56 61 61 61 61 61 61 61 61 61 61 61 79 79 79 79 79 79 79 79 79 79 61 61 61 61 45 45 45 45 77 77 77 77 45 77 77 77 77 45 45 45 45 45 45 45 45 45 45 45 80 45 66 66 80 66 66 66 66 80 66 66 66 66 66 66 66 66 66 66 66 78
70 70 56 56 56 56 56 56 56 56 56 56 56 56 56 56 56 56 56 56 56 56 56 56 56 56 56 61 61 61 61 61 61 61 61 61 61 61 61 61 61 61 79 79 79 82 79 79 79 79 61 61 61 61 61 45 77 45 77 77 77 77 77 77 45 45 45 45 45 45 45 45 45 45 45 45 45 45 80 45 80 66 80 66 66 66 80 80 80 66 66 66 66 66 66 66 66 66 66 78
70 56 56 56 56 83 83 83 56 56 56 56 56 56 56 56 56 56 56 56 56 56 56 56 56 56 56 61 61 61 61 61 61 61 61 61 61 61 61 61 61 82 79 82 82 82 82 79 79 79 61 61 61 77 77 77 77 77 77 77 77 77 77 77 45 77 45 45 45 45 45 45 45 45 45 45 45 45 80 45 80 66 80 80 80 80 80 80 80 80 66 66 66 66 66 66 66 66 66 78
70 56 56 56 83 83 83 83 83 56 56 56 56 56 56 56 56 56 56 56 56 56 56 56 56 56 56 61 61 61 61 61 61 61 61 61 61 61 61 61 61 82 82 82 82 82 82 79 79 79 61 61 61 77 77 77 77 77 77 77 77 77 77 77 77 77 45 45 45 45 45 45 45 45 45 45 45 45 80 45 80 80 80 80 80 80 80 84 80 66 66 66 66 66 66 80 66 66 66 78
70 56 56 83 83 83 83 83 83 56 56 56 56 56 56 56 56 56 56 56 56 56 56 56 61 61 56 61 61 61 61 61 61 61 61 61 61 61 82 82 61 82 82 82 82 82 82 82 82 82 77 77 77 77 77 77 77 77 77 77 77 77 77 77 77 77 77 45 45 45 45 45 45 45 45 45 45 45 80 80 80 80 80 80 80 80 80 80 66 66 66 66 80 80 80 80 80 80 80 78
70 56 83 83 83 83 83 83 56 56 56 56 56 56 56 56 56 56 56 56 56 56 56 61 61 61 61 61 61 61 61 61 61 61 61 61 61 61 61 82 82 82 82 82 82 82 82 82 82 82 77 82 82 77 77 77 77 77 77 77 77 77 77 77 77 77 77 77 77 77 77 45 45 45 45 45 45 45 80 80 80 80 80 80 80 80 80 80 80 80 80 80 80 80 80 80 80 80 80 78
85 56 85 83 83 83 83 83 83 56 56 56 56 56 56 56 56 56 56 56 56 56 61 61 61 61 61 61 61 61 61 61 61 61 61 61 61 61 82 82 82 82 82 82 82 82 82 82 82 82 82 82 82 82 82 77 77 77 77 77 77 77 77 77 77 77 77 77 77 45 45 45 45 45 45 45 45 45 80 80 80 80 80 80 80 80 80 80 80 80 80 80 80 80 80 80 80 80 80 78
85 85 85 85 85 85 83 83 83 83 56 56 56 56 56 56 56 56 56 56 56 56 61 61 61 61 61 61 61 61 61 61 61 61 61 61 61 61 82 82 82 82 82 82 82 82 82 82 82 82 82 82 82 82 82 77 77 77 77 77 77 77 77 77 77 77 77 77 77 77 77 45 45 45 45 45 45 45 45 45 80 80 80 80 80 80 80 80 80 80 80 80 80 80 80 80 80 80 80 78
85 85 85 85 85 83 83 83 83 83 56 56 56 56 56 56 56 56 56 56 56 61 61 61 61 61 56 56 61 61 61 61 61 61 61 61 61 61 82 82 82 82 82 61 82 82 82 82 82 82 82 82 82 82 82 82 77 77 77 77 77 77 77 77 77 77 77 77 77 77 77 77 77 77 45 45 45 45 45 45 80 80 80 80 80 80 80 80 80 80 80 80 80 80 80 80 80 80 80 78
85 85 83 83 83 83 83 83 83 83 86 86 56 56 56 56 56 56 56 56 56 56 61 61 56 61 56 56 61 61 56 56 61 61 61 61 61 61 61 82 82 82 61 61 61 82 82 82 82 82 82 82 82 82 82 82 77 77 77 77 77 77 77 77 77 77 77 77 77 77 77 77 77 77 45 45 45 45 45 45 80 80 80 80 80 80 80 80 80 80 80 80 80 80 80 80 80 80 80 78
87 87 88 88 88 83 83 83 86 86 86 86 56 56 56 56 56 56 56 56 56 56 61 56 56 56 56 56 56 56 56 56 56 61 89 61 61 61 61 61 61 61 61 61 61 61 82 82 82 82 82 82 82 82 82 82 77 77 77 77 77 77 77 77 77 77 77 77 77 77 77 77 77 77 77 77 45 45 45 45 45 80 80 80 77 80 80 80 80 80 80 80 80 80 80 80 80 80 80 78
88 88 88 83 83 83 86 86 86 86 86 86 86 56 56 56 56 56 56 56 56 56 56 56 56 56 56 56 56 56 56 56 56 61 61 56 61 61 56 61 61 61 61 61 61 82 82 82 82 82 82 56 82 82 82 90 82 77 77 77 77 77 77 77 77 77 77 77 77 77 77 77 77 77 77 77 77 77 77 77 80 80 77 77 77 80 80 80 80 80 80 80 80 80 80 80 80 80 80 78
88 88 91 86 86 86 86 86 86 86 86 86 86 56 56 56 56 56 56 56 56 56 56 56 56 56 56 56 56 56 56 56 56 56 56 56 61 56 56 56 56 61 61 61 82 82 82 82 82 82 56 56 82 82 82 90 82 82 82 77 77 77 77 77 77 77 77 77 77 77 77 77 77 77 77 77 77 77 77 77 80 80 77 77 77 80 80 80 80 80 80 80 80 80 80 80 80 80 80 78
92 92 86 86 86 92 92 86 86 86 86 86 86 56 56 56 56 56 56 56 56 56 56 56 56 56 56 56 56 56 56 56 56 56 56 56 61 61 61 56 56 56 56 56 82 82 82 82 82 82 56 56 82 82 82 82 82 82 82 77 77 77 77 77 77 77 77 93 77 77 77 77 77 77 77 77 77 77 77 77 77 77 77 77 80 80 80 80 80 80 80 80 80 80 80 80 80 80 80 78
92 92 92 92 92 92 92 92 92 92 86 86 86 86 56 56 56 56 56 56 56 56 56 56 56 56 56 56 56 56 56 56 56 56 56 61 61 61 61 56 56 56 56 56 56 82 82 82 82 56 56 82 82 82 82 82 82 82 82 82 77 77 77 77 77 77 77 77 82 82 82 77 77 77 77 77 77 77 77 77 77 77 77 77 80 80 80 77 80 80 80 80 80 80 80 80 80 80 80 78
92 92 92 92 92 92 92 86 86 86 86 86 86 86 56 56 56 56 56 56 56 56 56 56 56 56 56 56 56 56 56 56 56 56 56 61 56 56 56 56 56 56 56 56 56 82 82 56 56 56 56 82 82 82 82 82 56 56 82 82 82 77 77 77 77 77 77 77 82 82 82 77 77 77 77 77 77 77 77 77 77 77 77 77 80 77 77 77 80 80 80 80 80 80 80 80 80 80 80 78
92 92 92 92 92 92 92 86 86 86 86 86 86 86 86 86 56 56 56 56 56 56 56 56 56 56 56 56 56 56 56 56 56 61 61 61 61 61 56 56 56 56 56 56 56 56 82 56 56 56 56 56 82 82 56 82 82 56 82 82 82 77 82 77 77 77 77 82 82 82 82 82 77 77 77 77 77 77 77 77 77 77 77 77 77 77 77 77 77 80 80 80 80 80 80 80 80 80 80 78
92 92 92 92 92 92 92 86 86 86 86 86 86 86 86 86 56 56 56 56 56 56 56 56 56 56 56 56 56 56 56 56 56 56 61 61 61 56 56 56 56 56 56 56 56 56 56 56 56 56 94 94 56 56 56 56 56 56 56 56 82 82 82 82 77 77 77 82 82 82 82 82 82 77 77 77 77 77 77 77 77 77 77 77 77 77 77 77 77 77 80 80 80 80 80 80 80 80 80 78
92 92 92 92 92 92 92 86 86 86 86 86 86 86 86 86 86 56 56 56 56 56 56 56 56 56 56 56 56 56 56 56 56 56 56 56 56 56 56 56 56 56 56 56 56 56 56 56 56 56 56 94 56 56 56 56 56 82 82 82 82 82 82 82 82 82 82 82 82 82 82 82 82 77 77 77 77 77 77 77 77 77 77 77 77 77 77 77 77 77 77 80 80 80 80 80 80 80 80 78
92 92 92 92 92 92 92 86 86 86 86 86 86 86 86 86 86 86 86 56 56 56 56 56 56 56 56 56 56 56 56 56 56 56 56 56 56 56 56 56 56 56 56 56 56 56 56 56 56 56 56 56 56 56 56 56 56 82 82 82 82 82 82 82 95 95 95 95 95 82 82 82 82 77 77 77 77 77 77 77 77 77 77 77 77 77 77 77 77 77 77 80 80 80 80 80 80 80 80 78
92 92 92 92 92 92 92 92 92 92 92 86 86 86 86 86 86 86 86 86 56 56 56 56 56 56 56 56 56 56 56 56 56 56 56 56 56 56 56 56 56 56 56 56 56 56 56 56 56 56 56 56 56 56 56 56 56 56 56 56 95 95 95 95 95 95 95 95 95 95 95 82 82 77 77 77 77 77 77 77 77 77 77 77 77 77 77 77 80 77 77 80 80 80 80 80 80 80 80 78
92 92 92 92 92 92 92 92 86 86 86 86 86 86 86 86 86 86 86 86 56 56 56 56 56 56 56 56 56 56 56 56 56 56 56 56 56 56 56 56 56 56 56 56 56 56 56 56 56 56 56 56 56 56 56 56 56 95 95 95 95 95 95 95 95 95 95 95 95 95 95 95 77 77 77 77 77 77 77 77 77 77 77 77 77 77 77 77 80 80 80 80 80 80 80 80 80 80 80 78
92 92 92 92 92 92 86 86 86 86 86 86 86 86 86 86 86 86 86 86 86 56 56 56 56 56 56 56 56 56 56 56 56 56 56 56 56 56 56 56 56 56 56 56 56 56 56 56 56 56 56 56 56 56 56 56 56 95 95 95 95 95 95 95 95 95 95 95 95 95 95 95 95 77 77 77 77 77 77 77 77 77 77 77 77 77 77 77 80 80 80 80 80 80 80 80 80 80 80 78
96 96 92 92 92 92 92 92 86 86 86 86 86 86 86 86 86 86 86 86 56 56 56 56 56 56 56 56 56 56 56 56 56 56 56 56 56 56 56 56 56 56 56 56 56 56 56 56 56 56 56 56 56 56 56 95 95 95 95 95 95 95 95 95 95 95 95 95 95 95 95 95 95 77 77 77 77 77 77 77 77 77 77 77 77 77 77 77 80 80 80 80 80 80 80 80 80 80 80 78
96 96 96 96 96 96 92 92 86 86 86 86 86 86 86 86 86 86 86 86 56 56 56 56 56 56 56 56 56 56 56 56 56 56 56 56 56 56 56 56 56 56 56 56 56 56 56 56 56 56 56 56 56 56 56 95 95 95 95 95 95 95 95 95 95 95 95 95 95 95 95 95 95 95 95 95 95 95 95 95 77 77 77 77 77 77 77 77 80 80 80 80 80 80 80 80 80 80 80 78
96 96 96 96 96 96 96 92 86 86 86 86 86 86 86 86 86 86 86 86 86 86 86 86 86 56 56 56 56 56 56 56 56 56 56 56 56 56 56 56 56 56 56 56 56 56 56 56 56 56 56 56 56 56 56 95 95 95 95 95 95 95 95 95 95 95 95 95 95 95 95 95 95 95 95 95 95 95 77 77 77 77 77 77 77 77 97 77 80 77 77 77 80 80 80 80 80 80 78 78
96 96 96 96 96 96 96 96 86 86 86 86 86 86 86 86 86 86 86 86 86 86 86 86 86 86 86 56 56 86 56 56 56 56 56 56 56 56 56 56 56 56 56 56 56 56 56 56 56 56 56 56 56 56 56 95 95 95 95 95 95 95 95 95 95 95 95 95 95 95 95 95 95 95 95 95 95 95 77 77 77 77 77 77 77 77 97 77 77 77 77 80 80 80 80 80 80 80 80 78
96 96 96 86 86 86 86 86 86 86 86 86 86 86 86 86 86 86 86 86 86 86 86 86 86 86 86 56 86 86 56 56 56 56 56 56 56 56 56 56 56 56 56 56 56 56 56 56 98 98 56 98 56 56 56 95 99 95 95 95 95 99 99 99 95 95 95 95 95 95 95 95 95 95 95 95 95 95 95 77 77 77 77 77 77 77 77 80 80 80 80 80 80 80 80 80 80 80 80 78
86 86 86 86 86 86 86 86 86 86 86 86 86 86 86 86 86 86 86 86 86 86 86 86 86 86 86 86 86 86 86 86 100 100 100 100 56 56 56 56 56 56 56 56 56 56 56 56 98 98 98 98 98 56 56 99 99 99 99 99 99 99 99 99 99 95 95 95 95 95 95 95 95 95 95 95 95 95 77 77 77 77 77 77 77 77 77 77 80 80 80 80 80 80 80 80 80 80 80 78
86 86 86 86 86 86 86 86 86 86 86 86 86 86 86 86 86 86 86 86 86 86 86 86 86 86 86 86 86 86 86 86 86 101 101 101 101 101 101 101 101 101 101 101 101 101 101 101 101 101 101 101 101 101 101 101 101 101 101 101 101 101 101 101 101 95 95 95 95 95 95 95 95 95 95 95 95 77 77 77 77 77 77 77 77 77 77 77 80 80 80 80 80 80 80 80 80 80 80 78
102 86 86 86 86 86 86 86 86 86 86 86 86 86 86 86 86 86 103 103 103 86 86 86 103 86 86 86 86 86 86 86 86 101 101 101 101 101 101 101 101 101 101 101 101 101 101 101 101 101 101 101 101 101 101 101 101 101 101 101 101 101 101 101 101 95 95 95 95 95 95 95 95 95 95 95 95 95 95 101 77 77 77 77 77 77 80 80 80 80 80 80 80 80 80 80 80 80 80 78
102 102 102 102 102 102 86 86 86 86 86 86 86 86 104 104 86 86 103 103 103 103 103 103 103 103 103 103 86 86 86 86 86 86 86 86 101 101 101 101 103 103 103 103 103 103 103 101 101 101 101 101 101 101 101 101 101 101 101 101 101 101 101 101 101 101 101 101 101 101 101 101 101 101 95 95 95 95 95 101 77 77 77 77 77 80 80 80 80 80 80 80 80 80 80 80 80 80 80 78
102 102 102 102 102 102 102 102 102 102 102 102 102 104 104 104 86 86 103 103 103 103 103 103 103 103 103 103 103 103 103 103 86 86 86 86 86 101 101 101 101 101 103 103 103 103 103 101 101 101 101 101 101 101 101 101 101 101 101 101 105 105 105 105 105 105 105 105 101 101 101 101 101 101 101 95 95 95 101 101 77 77 77 77 77 77 77 77 77 80 80 80 80 80 80 80 80 80 80 78
102 102 102 102 102 102 102 102 102 102 102 102 102 104 104 104 104 104 104 104 104 104 104 103 103 103 103 103 103 103 103 103 103 86 86 86 86 103 103 103 101 103 103 103 103 103 103 103 101 103 103 101 101 101 101 101 101 101 101 101 101 101 101 101 101 101 105 105 105 105 101 101 101 101 101 101 101 101 101 101 101 101 77 77 77 77 77 77 77 77 106 106 107 80 80 80 80 80 80 78
108 108 108 108 108 102 102 102 102 102 102 102 104 104 104 104 104 104 104 104 104 104 104 104 104 104 104 104 104 104 104 103 103 103 103 103 103 103 103 103 103 103 103 103 103 103 103 103 103 103 101 101 101 101 101 101 101 101 101 101 101 101 101 101 101 101 101 101 101 105 105 101 109 109 109 109 109 101 101 101 101 101 101 77 77 77 77 77 77 77 77 77 110 110 80 80 80 80 80 78
