1 1 2 2 2 2 2 2 2 2 2 1 1 1 1 1 1 1 1 1 1 1 1 1 1 1 1 1 1 1 1 1 1 1 1 1 1 1 1 3 3 3 3 3 3 3 3 3 3 3 3 4 4 4 4 4 4 4 4 4 4 4 4 4 4 4 4 4 4 4 4 5 5 5 5 5 5 5 6 6 5 7 7 7 7 7 8 8 8 8 8 8 5 5 5 5 9 5 5 5
1 1 1 2 2 2 2 2 2 2 2 1 1 1 10 10 10 10 10 10 10 10 10 10 1 1 1 1 1 1 1 1 1 1 1 1 1 1 1 1 1 3 3 3 3 3 3 3 3 3 3 4 4 4 4 4 11 11 4 4 4 4 4 4 4 4 4 4 4 4 4 5 5 5 5 5 5 5 5 5 5 7 7 7 7 7 7 7 7 7 7 7 5 5 5 5 5 5 5 5
1 1 1 1 1 1 2 2 2 2 2 1 1 1 1 10 10 10 10 10 10 10 10 10 10 10 10 10 10 1 1 1 1 1 1 1 1 1 3 3 3 3 3 3 3 3 3 3 3 3 3 4 4 4 4 11 11 4 4 4 4 4 4 4 4 4 4 4 4 4 4 4 5 5 5 5 5 5 5 5 7 7 7 7 7 7 7 7 7 7 7 5 5 5 5 5 5 5 5 5
1 1 1 1 1 1 1 1 1 1 1 1 10 10 1 1 10 10 10 10 10 10 10 10 10 10 10 10 10 10 3 3 3 3 3 3 3 3 3 3 3 3 3 3 3 3 3 3 3 3 3 4 11 4 4 11 11 11 4 4 4 4 4 4 4 4 4 4 4 4 4 4 5 5 5 5 5 5 5 5 5 5 5 5 5 5 5 5 5 5 5 5 5 5 5 5 5 5 5 5
1 1 1 1 1 1 1 1 1 1 1 10 10 10 10 1 1 1 10 10 10 10 10 10 10 10 10 10 10 3 3 3 3 3 3 3 3 3 3 3 3 3 3 3 3 3 3 12 3 3 3 4 11 11 11 11 11 13 11 4 4 4 4 4 4 4 4 5 5 5 5 5 5 5 5 5 5 5 5 5 5 5 5 5 5 5 5 5 5 5 5 5 5 5 5 5 5 5 5 5
1 1 1 1 1 1 1 1 1 1 1 1 10 10 10 10 1 1 10 10 10 10 10 10 10 10 10 10 3 3 3 3 3 3 3 3 3 3 3 3 3 3 3 3 3 3 3 12 3 3 3 4 4 4 4 11 11 11 11 11 11 4 4 4 4 4 4 4 4 4 5 5 5 5 5 5 5 5 5 5 5 5 5 5 5 5 5 5 5 5 5 5 5 5 5 5 5 5 5 5
1 1 1 1 1 1 1 1 1 1 1 10 10 10 10 10 10 10 14 10 10 10 10 10 10 10 10 10 3 3 3 3 15 15 15 3 3 3 16 3 3 3 3 3 3 3 3 12 3 3 3 3 3 4 4 4 12 11 11 11 4 4 4 4 4 4 4 4 4 4 5 5 5 5 5 5 5 5 5 5 5 5 5 5 5 5 5 5 5 5 5 5 5 5 5 5 5 5 5 5
1 1 1 1 1 1 1 1 1 1 1 1 10 10 10 10 10 10 10 17 17 10 10 10 18 10 10 10 10 10 15 15 15 15 15 19 3 3 3 20 20 3 3 3 12 3 3 12 3 3 3 3 3 4 12 12 12 11 11 11 11 11 4 4 4 4 4 4 4 4 5 5 5 5 5 5 5 5 5 5 5 5 5 5 5 5 5 5 5 5 5 5 5 5 5 5 5 5 5 5
1 1 1 1 1 1 1 1 1 1 10 10 10 10 10 10 10 10 10 10 17 10 10 10 10 15 15 15 15 15 15 15 15 15 15 15 20 20 20 20 20 3 3 12 12 12 12 12 3 3 3 3 12 12 12 12 12 12 11 11 11 11 11 4 4 4 4 4 4 4 4 5 5 5 5 5 5 5 5 5 5 5 5 5 5 5 5 5 5 5 5 5 5 5 5 5 5 5 5 5
1 1 1 1 1 1 1 1 1 1 1 1 10 10 10 10 10 10 10 10 10 10 10 15 15 15 15 15 15 15 15 15 15 15 15 20 20 20 12 12 12 12 12 12 12 12 12 12 3 3 3 12 12 12 12 12 12 12 11 11 11 11 11 11 11 11 4 4 4 4 4 5 5 5 5 5 5 5 5 5 5 5 5 5 5 5 5 5 5 5 5 5 5 5 5 5 5 5 5 5
21 1 21 21 1 1 1 1 1 1 1 1 10 10 10 10 10 10 10 10 10 10 10 10 15 15 15 15 15 15 15 15 15 20 20 20 12 20 12 12 12 12 12 12 12 12 12 12 3 3 3 12 12 12 12 11 11 12 12 11 11 11 11 11 11 11 11 4 4 4 4 5 5 5 5 5 5 5 5 5 5 5 5 5 5 5 5 5 5 5 5 5 5 5 5 5 5 5 5 5
21 21 21 21 21 21 21 21 1 1 10 10 10 10 10 10 10 10 10 10 15 10 15 15 15 15 15 15 15 15 20 15 15 20 20 12 12 12 12 12 12 12 12 12 12 12 12 12 3 3 12 12 12 12 12 11 11 11 11 11 11 11 11 11 11 11 11 11 11 5 5 5 5 5 5 5 5 5 5 5 5 5 5 5 5 5 5 5 5 5 5 5 5 5 5 5 5 5 5 5
10 10 21 21 21 21 1 1 1 1 1 1 1 10 10 10 22 10 10 10 15 15 15 15 15 15 20 20 20 20 20 15 15 20 20 12 12 12 12 12 12 12 12 12 12 12 12 12 3 3 12 12 12 12 12 11 11 11 11 11 11 11 11 11 11 11 11 11 11 5 5 5 5 5 5 5 5 5 5 5 5 5 5 5 5 5 5 5 5 5 5 5 5 5 5 5 5 5 5 5
23 10 10 10 10 1 1 1 10 1 1 1 10 10 10 10 10 15 15 15 15 15 15 20 15 20 20 20 20 20 20 15 15 20 20 20 20 12 12 12 12 12 12 12 12 12 12 3 3 12 12 12 12 12 12 11 11 11 11 11 11 11 11 11 11 11 11 11 11 11 11 11 11 5 5 5 5 5 5 5 5 5 5 5 5 5 5 5 5 5 5 5 5 5 5 5 5 5 5 5
23 23 10 1 1 1 10 10 10 10 10 10 10 10 10 10 15 15 15 15 15 15 20 20 20 20 20 20 20 20 20 15 20 20 20 20 20 20 12 12 12 12 12 12 12 12 12 12 3 12 12 12 12 12 12 12 11 11 11 11 11 11 11 11 11 11 11 11 11 11 11 11 11 11 11 5 5 5 5 5 5 5 5 5 5 5 5 5 5 5 5 5 5 5 5 5 5 5 5 5
23 10 10 10 10 1 1 10 10 10 10 10 10 10 15 15 15 15 15 15 15 20 20 20 20 20 20 20 20 20 20 20 20 20 20 20 20 20 20 12 12 12 12 12 12 12 12 12 12 12 12 12 12 12 12 12 12 11 12 12 12 11 11 11 11 11 11 11 11 11 11 11 11 11 11 11 5 5 5 5 5 5 5 5 5 5 5 5 5 5 5 5 5 5 5 5 5 5 5 5
10 10 10 10 10 10 10 10 10 10 10 10 10 15 15 15 15 15 15 15 20 20 20 20 20 20 20 20 20 20 20 20 20 20 20 20 12 12 20 12 12 12 12 12 12 12 12 12 12 12 12 12 12 12 12 12 12 11 12 12 12 12 11 11 11 11 11 11 11 11 11 11 11 11 11 11 11 11 5 5 5 5 5 5 5 5 5 5 5 5 5 5 5 5 5 5 5 5 5 5
24 24 10 10 10 10 10 10 10 10 15 15 15 15 15 15 15 15 15 20 20 20 20 20 20 20 20 20 20 20 20 20 20 20 20 20 20 12 12 12 12 12 12 12 12 12 12 12 12 12 12 12 12 12 12 12 12 12 12 12 12 12 12 11 11 11 11 11 11 11 11 11 11 11 11 11 11 11 11 11 5 5 5 5 5 5 5 5 5 5 5 5 5 5 5 5 5 5 5 5
10 10 10 10 10 10 10 10 10 15 15 15 15 15 15 15 20 20 20 20 20 20 20 20 20 20 20 20 20 20 20 20 20 20 20 20 20 20 20 12 12 12 12 12 12 12 12 12 12 12 12 12 12 12 12 12 12 12 12 12 12 12 12 12 11 11 11 11 11 11 11 11 11 11 11 11 11 11 11 11 11 11 5 5 5 5 5 5 5 5 5 5 5 5 5 5 5 5 5 5
10 10 10 10 10 10 10 15 15 15 15 15 15 15 15 15 15 20 20 20 20 20 20 20 20 20 20 20 20 20 20 20 20 20 20 20 20 20 20 20 20 12 12 12 12 12 12 12 12 12 12 12 12 12 12 12 12 12 12 12 12 12 12 12 11 11 11 11 11 11 11 11 11 11 11 11 11 11 11 11 11 11 11 11 5 5 5 5 5 5 5 5 5 5 5 5 5 5 5 5
10 10 10 10 10 15 15 15 15 15 10 15 15 15 15 15 15 15 20 20 20 20 20 20 20 20 20 20 20 20 20 20 20 20 20 20 20 20 20 20 20 12 12 12 12 12 12 12 12 12 12 12 12 12 12 12 12 12 12 12 12 12 12 12 12 11 11 11 11 11 11 11 11 11 11 11 11 11 11 11 11 11 11 11 11 11 5 5 5 5 5 5 5 5 5 5 5 5 5 5
10 10 15 15 15 15 15 15 10 10 10 10 10 15 15 15 15 15 15 15 15 15 20 20 20 20 20 20 20 20 20 20 20 20 20 20 20 20 20 20 12 12 12 12 12 12 12 12 12 12 12 12 12 12 12 12 12 12 12 12 12 12 12 12 12 12 11 11 11 11 11 11 11 11 11 11 11 11 11 11 11 11 11 11 11 11 11 11 11 5 5 5 5 5 5 5 5 5 5 5
10 10 15 15 15 15 15 10 10 10 10 15 15 15 15 15 15 15 15 15 15 15 15 20 20 20 20 20 20 20 20 20 20 20 20 20 20 20 20 20 12 12 12 12 12 12 12 12 12 12 12 12 12 12 12 12 12 12 12 12 12 12 12 12 12 12 11 11 11 25 25 11 11 11 11 11 11 11 11 11 11 11 11 11 11 11 11 11 11 11 11 11 11 11 5 5 5 5 5 5
10 10 10 10 10 10 10 10 10 10 15 15 15 15 15 15 15 15 15 15 15 15 15 15 20 20 20 20 20 20 20 20 20 20 20 20 20 20 20 20 12 12 20 12 12 12 12 12 12 12 12 12 12 12 12 12 12 12 12 12 12 12 12 12 12 12 12 11 25 25 25 25 11 11 11 11 11 11 11 11 11 11 11 11 26 26 26 11 11 11 11 11 11 11 11 11 11 5 5 5
10 10 10 10 10 10 10 10 15 15 15 15 15 15 15 15 15 15 15 15 15 15 15 15 15 15 20 20 20 20 20 20 20 20 20 20 20 20 20 20 20 12 20 12 12 12 12 12 12 12 12 12 12 12 12 12 12 12 12 25 12 12 12 12 12 12 12 11 25 27 25 25 25 11 11 11 11 11 11 11 11 11 11 11 26 26 26 26 11 11 11 11 11 11 11 11 11 5 5 5
10 10 10 10 10 10 10 15 15 15 15 15 15 15 15 15 15 15 15 15 15 15 15 15 15 15 15 20 20 20 20 20 20 20 20 20 20 20 20 20 28 20 20 12 12 12 12 12 12 12 12 12 12 12 12 12 12 12 12 25 25 25 12 12 12 12 12 12 27 27 25 25 25 25 11 11 11 11 11 11 11 11 11 11 11 11 26 26 26 26 26 11 11 11 11 11 11 11 11 11
10 10 10 10 10 10 10 15 15 15 15 15 15 15 15 15 15 15 15 15 15 15 15 15 15 15 15 15 20 20 20 20 20 20 20 20 20 20 20 20 20 20 12 12 12 12 12 12 12 12 12 12 12 12 12 12 12 25 25 25 25 25 12 12 12 12 12 12 27 27 25 25 25 25 11 11 11 11 11 11 11 11 11 11 11 11 11 26 26 26 26 26 11 11 11 11 11 11 11 11
10 10 10 10 10 10 10 15 15 15 15 15 15 15 15 15 15 15 15 15 15 15 15 15 15 15 15 15 15 20 20 20 20 20 20 20 20 20 20 20 20 20 20 20 12 12 12 12 12 12 12 12 12 12 12 12 12 12 25 25 25 25 12 12 12 12 12 12 27 27 27 25 25 25 25 11 11 11 11 11 11 11 11 11 11 11 11 11 26 26 26 26 26 11 11 11 11 11 11 11
10 10 10 10 10 10 15 15 15 15 15 15 15 15 15 15 15 15 15 15 15 15 15 15 15 15 15 15 15 15 15 20 20 20 20 20 20 20 20 20 20 20 20 20 20 12 12 12 12 12 12 12 12 12 12 12 12 12 12 25 25 25 12 12 12 12 12 12 25 25 27 25 25 25 25 11 11 11 11 11 11 11 11 11 11 11 11 11 11 11 26 26 26 26 26 11 11 11 11 11
10 10 10 10 10 15 15 15 15 15 15 15 15 15 15 15 15 15 15 15 15 15 15 15 15 15 15 15 15 15 15 15 20 20 20 20 20 20 20 20 20 20 20 12 12 12 12 12 12 12 12 12 12 12 12 12 12 12 12 25 25 25 25 25 12 12 12 12 25 25 27 27 25 25 25 25 11 11 11 11 11 11 11 11 29 11 11 11 11 11 11 26 26 26 26 26 11 11 11 11
10 10 10 10 10 10 15 15 15 15 15 15 15 15 15 15 15 15 15 15 15 15 15 15 15 15 15 15 15 15 15 15 15 15 15 15 15 15 20 20 20 20 20 20 12 12 12 12 12 12 12 12 12 12 12 12 12 12 25 25 25 25 25 25 25 25 25 25 25 25 25 27 27 25 25 25 25 11 11 11 11 11 11 11 11 30 30 11 11 11 11 11 11 26 26 26 26 26 26 11
10 10 10 10 10 10 15 15 15 15 15 15 15 15 15 15 15 15 15 15 15 15 15 15 15 15 15 15 15 15 15 15 15 15 15 15 15 26 26 26 26 26 31 31 32 32 12 12 12 12 12 12 12 12 12 12 12 12 25 25 25 25 25 25 25 25 25 25 25 25 25 27 27 27 25 25 25 11 11 11 11 11 11 11 11 11 30 30 11 11 11 11 11 11 11 26 26 26 26 11
10 10 10 10 10 10 15 15 15 15 15 15 15 15 15 15 15 15 15 15 15 15 15 15 15 15 15 15 15 15 15 15 15 15 15 15 26 26 26 26 26 26 26 26 12 12 12 12 12 12 12 12 12 12 12 12 12 12 25 25 25 25 25 25 25 25 25 25 25 25 25 27 27 27 25 25 25 25 11 11 11 11 11 11 11 11 11 11 26 26 26 11 11 11 11 11 26 26 26 26
10 10 10 10 10 10 15 15 15 15 15 15 15 15 15 15 15 15 15 15 10 10 10 10 15 15 15 15 15 15 15 15 15 15 15 15 26 26 26 26 26 26 26 26 12 12 12 12 12 12 12 12 12 12 12 12 12 12 25 25 25 25 25 25 25 25 25 25 25 25 25 25 25 25 25 25 25 25 11 11 11 11 11 11 11 11 11 11 11 26 26 26 11 11 11 11 11 26 26 26
10 10 10 10 10 10 10 15 15 15 15 15 15 15 15 15 15 15 15 10 10 10 10 10 15 10 15 15 15 15 15 15 15 15 15 15 15 26 26 26 26 26 26 26 26 26 26 26 26 26 26 26 26 26 12 12 12 12 25 25 25 25 25 25 25 25 25 25 25 25 25 25 25 33 33 25 25 25 11 11 11 11 11 11 11 11 11 11 11 11 26 26 26 26 26 26 26 26 26 26
10 10 10 10 10 10 10 10 15 15 15 15 15 15 15 15 15 15 10 10 10 10 10 10 10 10 10 15 15 15 15 15 15 15 15 15 15 15 15 26 26 26 26 26 34 34 26 26 26 26 26 26 26 26 26 12 12 26 26 26 25 25 25 25 25 25 25 25 25 25 25 25 25 25 25 11 11 11 11 11 11 11 11 11 11 11 11 11 11 11 11 26 26 26 26 26 26 26 26 26
10 10 10 10 10 10 10 10 15 15 15 15 15 15 15 15 15 15 15 15 10 10 10 10 10 15 15 15 15 15 15 15 15 15 15 15 15 34 34 34 26 34 34 34 34 26 26 26 26 26 26 26 26 26 26 26 26 26 26 26 26 26 25 25 25 25 25 25 25 25 25 25 25 25 25 11 11 11 11 11 11 11 11 11 11 11 11 11 11 11 11 11 26 26 26 26 26 26 26 26
10 10 10 10 10 10 10 10 10 15 15 15 15 15 15 15 15 15 15 15 15 15 15 10 10 10 10 15 15 15 15 15 15 15 34 34 34 34 34 34 34 34 34 34 26 26 26 26 26 26 26 26 26 26 26 26 26 26 26 26 26 26 26 25 25 25 25 25 25 25 25 25 25 25 25 25 11 11 11 11 11 26 11 11 11 11 11 11 11 11 26 11 11 26 26 26 26 26 26 26
10 10 10 10 10 10 10 10 10 10 15 15 15 15 15 15 15 15 15 15 15 15 15 15 10 10 10 34 34 34 15 15 15 15 34 34 34 34 34 34 34 34 34 26 26 26 26 26 26 26 26 26 26 26 26 26 26 26 26 26 26 26 26 26 25 25 25 25 25 25 25 25 26 25 26 25 25 11 11 11 11 26 11 11 11 11 11 11 11 26 26 26 11 11 11 26 26 26 26 26
10 10 10 10 10 10 10 10 10 10 10 15 15 15 15 15 15 15 15 15 15 15 15 10 10 10 10 10 34 34 34 15 15 15 15 15 15 34 34 34 34 34 34 34 26 26 26 26 26 26 26 26 26 26 26 26 26 26 26 26 26 26 26 26 25 25 25 25 25 25 25 25 26 26 26 26 26 26 26 26 26 26 26 26 26 26 26 11 11 11 26 26 26 26 11 11 26 26 26 26
10 10 10 10 10 10 10 10 10 10 10 10 15 15 15 15 15 15 15 15 15 15 15 10 10 10 10 10 34 34 34 34 34 34 34 15 15 34 34 34 34 34 34 34 34 26 26 26 26 26 26 26 26 26 26 26 26 26 26 26 26 26 26 25 25 25 25 25 25 25 25 25 26 26 26 26 26 26 26 26 26 26 26 26 26 26 26 26 11 11 11 11 26 26 26 26 26 26 26 26
10 10 10 10 10 10 10 10 10 10 10 10 10 15 15 15 15 15 15 15 15 15 15 10 10 10 10 10 34 34 10 10 10 34 34 34 34 34 34 34 34 34 34 34 34 34 26 26 26 26 26 26 26 26 26 26 26 26 26 26 26 26 26 25 25 25 25 25 25 25 25 26 26 26 26 26 26 26 26 26 26 26 26 26 26 26 26 26 26 26 11 11 11 26 26 26 26 26 26 26
10 10 10 10 10 10 10 10 10 10 10 10 10 10 15 15 15 15 15 15 15 15 15 10 10 10 10 10 10 10 10 10 10 10 34 34 34 34 35 34 34 34 34 34 34 34 34 26 26 26 26 26 26 26 26 26 26 26 26 26 26 26 26 25 25 25 25 25 25 25 26 26 26 26 26 26 26 26 26 26 26 26 26 26 26 26 26 26 26 26 26 26 11 11 26 26 26 26 26 26
10 10 10 10 10 10 10 10 10 10 10 10 10 10 10 15 15 15 15 15 15 15 15 10 10 10 10 10 10 10 10 10 10 10 10 10 10 10 34 34 34 34 34 34 34 34 34 26 26 26 26 26 26 26 26 26 26 26 26 26 26 26 25 25 25 25 25 25 25 26 26 26 26 26 26 26 26 26 26 26 26 26 26 26 26 26 26 26 26 26 26 26 26 11 11 26 26 26 26 26
10 10 10 10 10 10 10 10 10 10 10 10 10 10 10 10 15 15 10 10 10 10 10 10 10 10 10 10 10 34 34 10 10 34 34 10 10 10 34 34 34 34 34 34 34 34 34 26 26 26 26 26 26 26 26 26 26 26 26 26 26 25 25 25 25 25 25 25 26 26 26 26 26 26 26 26 26 26 26 26 26 26 26 26 26 26 26 26 26 26 26 26 26 26 26 26 26 26 26 26
10 10 10 10 10 10 10 10 10 10 10 10 10 10 10 10 10 10 10 10 10 10 10 10 10 10 10 10 10 34 34 34 34 34 34 34 34 34 34 34 34 34 34 34 26 26 26 26 26 26 26 26 26 26 26 26 26 26 26 26 26 25 25 25 25 25 25 26 26 26 26 26 26 26 26 26 26 26 26 26 26 26 26 26 26 26 26 26 26 26 26 26 26 26 26 26 26 26 26 26
10 10 10 10 10 10 10 10 10 10 10 10 10 10 10 10 10 10 10 10 10 10 10 10 10 10 10 10 10 10 34 34 34 34 34 34 34 34 34 34 34 34 34 34 34 26 26 26 34 34 26 26 26 26 26 26 26 26 26 26 26 25 25 25 25 25 25 26 26 26 26 26 26 26 26 26 26 26 26 26 26 26 26 26 26 26 26 26 26 26 26 26 26 26 26 26 26 26 26 26
10 10 10 10 10 10 10 10 10 10 10 10 10 10 10 10 10 10 10 10 10 10 10 10 10 10 10 10 10 10 10 34 34 34 34 34 34 34 34 34 34 34 34 34 34 34 26 26 34 34 34 26 34 34 34 26 26 26 26 26 26 25 25 25 26 26 26 26 26 26 26 26 26 26 26 26 26 26 26 26 26 26 26 26 26 26 26 26 26 26 26 26 26 26 26 26 26 26 26 26
36 36 36 10 10 10 10 10 10 10 10 10 10 10 10 10 10 10 10 10 10 10 10 10 10 10 10 10 10 10 10 10 34 34 34 34 34 34 34 34 34 34 34 34 34 34 26 26 34 34 34 34 34 34 34 34 34 34 26 26 26 25 25 25 25 25 26 26 26 26 26 26 26 26 26 26 26 26 26 26 26 26 26 26 26 26 26 26 26 26 26 26 26 26 26 26 26 26 26 26
36 36 10 10 10 10 10 10 10 10 10 10 10 10 10 10 10 10 10 10 10 10 10 10 10 10 10 10 10 10 10 10 10 10 10 34 34 34 34 34 34 34 34 34 34 34 34 34 34 34 34 34 34 34 34 34 34 34 34 26 26 26 25 25 25 26 26 26 26 26 26 26 26 26 26 26 26 26 26 26 26 26 26 26 26 26 26 26 26 26 26 26 26 26 26 26 26 26 26 26
36 10 10 10 10 10 10 10 10 10 10 10 10 10 10 10 10 10 10 10 10 10 10 10 10 10 10 10 10 10 10 10 10 10 10 34 34 34 34 34 34 34 34 34 34 34 34 34 34 34 34 34 34 34 34 34 34 34 26 26 26 26 26 26 26 26 26 26 26 26 26 26 26 26 26 26 26 26 26 26 26 26 26 26 26 26 26 26 26 26 26 26 26 26 26 26 26 26 26 26
36 10 10 10 10 10 10 10 10 10 10 10 10 10 10 10 10 10 10 10 10 10 10 10 10 10 10 10 10 10 10 10 10 10 10 34 10 10 34 34 34 34 34 34 34 34 34 34 34 34 34 34 34 34 34 34 34 34 26 26 26 26 26 26 26 26 26 26 26 26 26 26 26 26 26 26 26 26 26 26 26 26 26 26 26 26 26 26 26 26 26 26 26 26 26 26 26 26 26 26
10 10 10 10 10 10 10 10 10 10 10 10 10 10 10 10 10 10 10 10 10 10 10 10 10 10 10 10 10 10 10 10 10 10 10 10 10 34 34 34 34 34 34 34 34 34 34 34 34 34 34 34 34 34 34 34 34 34 26 26 26 26 26 26 26 26 26 26 26 26 26 26 26 26 26 26 26 26 26 26 26 26 26 26 26 26 26 26 26 26 26 26 26 26 26 26 26 26 26 26
10 10 10 10 10 10 10 10 10 10 10 10 10 10 10 10 10 10 10 10 10 10 10 10 10 10 10 10 10 10 10 10 10 10 10 10 34 34 34 34 34 34 34 34 34 34 34 34 34 34 34 34 34 34 34 34 34 34 34 34 34 34 26 26 26 26 26 26 26 26 26 26 26 26 26 26 26 26 26 26 26 26 26 26 26 26 26 26 26 26 26 26 26 26 26 26 26 26 26 26
10 10 10 10 10 10 10 10 10 10 10 10 10 10 10 10 10 10 10 10 10 10 10 10 10 10 10 10 10 10 10 10 10 10 10 10 10 10 10 10 34 34 34 34 34 34 34 34 34 34 34 34 34 34 34 34 34 34 34 34 34 34 34 34 34 34 34 34 34 26 26 26 26 26 26 26 26 26 26 26 26 26 26 26 26 26 26 26 26 26 26 26 26 26 26 26 26 26 26 26
